1,1,2623,2017/12/7,638,1759,22,27,1241,1880,0,74,9503,2017/12/7
0,2,2623,2017/12/4,1754,532,8,25,690,1673,4,231,9503,2017/12/4
0,4,2623,2017/12/7,1944,2442,4,10,558,742,3,36,9503,2017/12/7
0,6,2623,2017/12/6,339,1892,18,26,1008,1784,6,309,9503,2017/12/6
1,7,2624,2017/12/7,2240,1885,20,25,2515,2692,0,19.5,9503,2017/12/6
0,8,2624,2017/12/4,740,1754,8,23,1894,2618,4,155,9503,2017/12/3
0,10,2624,2017/12/6,1885,1944,25,26,2692,2744,0,13,9503,2017/12/5
0,11,2624,2017/12/3,1885,2538,25,27,2692,2794,5,45,9503,2017/12/2
0,12,2624,2017/12/3,1353,2442,17,21,2388,2550,6,63,9503,2017/12/2
1,14,2624,2017/12/5,1892,764,5,24,1460,2651,5,369.5,9503,2017/12/4
0,18,2635,2017/12/6,1999,355,19,20,1870,2007,0,17,9503,2017/12/5
0,19,2635,2017/12/3,1999,355,19,20,1870,2007,5,42,9503,2017/12/2
0,20,2635,2017/12/3,1221,2707,12,15,1410,1556,6,70,9503,2017/12/3
0,27,2636,2017/12/3,436,957,18,19,1712,1770,5,36,9503,2017/12/2
1,34,2668,2017/12/2,1843,2193,1,31,1415,2317,3,171,9503,2017/12/2
0,39,2671,2017/12/4,2452,1615,16,17,1735,1781,2,19,9503,2017/12/3
1,41,2672,2017/12/7,1206,1399,18,22,2097,2255,0,20,9503,2017/12/6
0,44,2672,2017/12/6,1014,1207,23,24,2289,2323,0,9,9503,2017/12/5
0,45,2672,2017/12/3,1399,1207,22,24,2255,2323,5,28,9503,2017/12/2
0,50,2673,2017/12/6,2764,1371,9,10,807,855,0,8,9503,2017/12/6
0,51,2673,2017/12/3,2764,1371,9,10,807,855,4,8,9503,2017/12/3
0,52,2673,2017/12/3,2344,2607,6,8,699,751,4,9,9503,2017/12/3
1,54,2673,2017/12/5,1549,2764,2,9,455,807,3,42.5,9503,2017/12/5
0,58,2674,2017/12/7,2764,2608,2,4,934,1014,2,12.5,9503,2017/12/7
0,62,2675,2017/12/4,297,2735,3,8,465,685,0,28.5,9503,2017/12/4
0,64,2675,2017/12/6,2735,474,8,9,685,739,0,8,9503,2017/12/6
0,66,2675,2017/12/3,2617,1615,5,7,507,619,0,18,9503,2017/12/3
1,69,2676,2017/12/7,116,2345,6,8,1055,1135,0,12,9503,2017/12/7
0,73,2676,2017/12/3,2345,143,8,9,1135,1155,0,8,9503,2017/12/3
0,74,2676,2017/12/3,2617,297,5,7,1041,1091,0,11,9503,2017/12/3
1,76,2676,2017/12/5,2735,2345,2,8,837,1135,0,30.5,9503,2017/12/5
0,80,2686,2017/12/6,1892,1759,34,35,2386,2490,0,12,9503,2017/12/5
0,88,2688,2017/12/6,2470,417,31,32,2138,2156,0,10,9503,2017/12/5
0,89,2688,2017/12/3,1412,417,30,32,2069,2156,5,29.5,9503,2017/12/2
0,93,4174,2017/12/6,311,568,5,14,871,1048,4,15,3061,2017/12/6
0,94,4174,2017/12/7,606,1541,16,17,1089,1104,5,5,3061,2017/12/7
1,95,4174,2017/12/1,925,1414,18,19,1119,1148,3,6,3061,2017/12/1
1,97,4174,2017/12/4,1414,1900,19,22,1148,1207,0,8,3061,2017/12/4
1,99,4174,2017/12/5,295,311,1,5,756,871,2,46.5,3061,2017/12/5
0,101,4174,2017/12/6,925,1502,18,21,1119,1176,0,8,3061,2017/12/6
0,102,4182,2017/12/4,277,177,8,15,717,977,2,15,3061,2017/12/4
0,106,4187,2017/12/2,1029,1238,5,7,1158,1192,0,9,3061,2017/12/2
0,107,4187,2017/12/7,1029,1831,5,8,1158,1217,0,13,3061,2017/12/7
1,108,4188,2017/12/6,1238,1759,2,8,432,565,0,23.5,3061,2017/12/6
0,109,4189,2017/12/7,2282,1289,2,3,708,737,0,6,3061,2017/12/7
1,111,4189,2017/12/1,295,1025,1,4,690,751,0,14,3061,2017/12/1
0,113,4189,2017/12/6,1025,2794,4,5,751,785,0,6.5,3061,2017/12/6
0,114,4189,2017/12/3,2282,1025,2,4,708,751,0,8,3061,2017/12/3
0,115,4189,2017/12/2,295,1025,1,4,690,751,0,14,3061,2017/12/2
0,124,4190,2017/12/7,1025,1289,2,3,957,971,0,6,3061,2017/12/7
1,126,4190,2017/12/5,1289,295,3,6,971,1026,0,8.5,3061,2017/12/5
0,129,4190,2017/12/2,1025,2796,2,4,957,984,0,6,3061,2017/12/2
0,131,4190,2017/12/1,2794,1025,1,2,924,957,0,11,3061,2017/12/1
0,133,4191,2017/12/7,295,2796,1,2,1044,1078,0,12,3061,2017/12/7
0,138,4191,2017/12/3,295,2794,1,3,1044,1126,0,15.5,3061,2017/12/3
0,139,4191,2017/12/2,295,2794,1,3,1044,1126,0,15.5,3061,2017/12/2
0,143,4191,2017/12/1,295,2796,1,2,1044,1078,0,12,3061,2017/12/1
0,145,4191,2017/12/4,2796,2794,2,3,1078,1126,0,8.5,3061,2017/12/4
1,150,4192,2017/12/1,2794,295,1,4,1153,1247,0,15.5,3061,2017/12/1
0,152,4192,2017/12/6,2796,295,3,4,1211,1247,0,8.5,3061,2017/12/6
0,153,4192,2017/12/3,1289,295,2,4,1200,1247,0,8.5,3061,2017/12/3
1,155,4192,2017/12/2,1289,2796,2,3,1200,1211,0,5,3061,2017/12/2
0,160,4192,2017/12/4,2796,295,3,4,1211,1247,0,8.5,3061,2017/12/4
0,163,4215,2017/12/7,2442,1867,2,3,481,500,0,7,3061,2017/12/7
1,165,4215,2017/12/1,2718,2240,1,4,460,525,0,15.5,3061,2017/12/1
0,168,4215,2017/12/3,2442,2240,2,4,481,525,0,8.5,3061,2017/12/3
0,169,4215,2017/12/2,2718,2240,1,4,460,525,0,15.5,3061,2017/12/2
0,175,4215,2017/12/4,2240,1670,4,5,525,545,0,7,3061,2017/12/4
0,178,4216,2017/12/7,2023,2302,7,10,1542,1720,3,21,3061,2017/12/6
1,180,4216,2017/12/1,1670,2103,1,14,1272,1875,6,217,3061,2017/12/1
0,182,4216,2017/12/6,2103,1890,14,18,1875,2116,6,89,3061,2017/12/5
0,183,4216,2017/12/3,1690,1356,8,15,1631,1927,3,52,3061,2017/12/2
0,184,4216,2017/12/2,2442,2103,3,14,1326,1875,2,68.5,3061,2017/12/2
1,187,4216,2017/12/7,1003,1890,13,18,1849,2116,6,100,3061,2017/12/6
0,190,4216,2017/12/4,646,443,17,19,2014,2170,5,46,3061,2017/12/3
0,194,4223,2017/12/7,520,2071,10,13,516,556,0,9,3061,2017/12/7
0,197,4223,2017/12/2,77,2470,11,15,531,585,0,9,3061,2017/12/2
0,200,4223,2017/12/1,611,2665,3,4,413,426,0,5,3061,2017/12/1
0,203,4224,2017/12/7,1412,2665,6,8,995,1036,0,14,3061,2017/12/7
0,210,4224,2017/12/6,2240,1670,9,11,1054,1077,0,5,3061,2017/12/6
0,211,4229,2017/12/7,2718,2442,5,7,418,445,0,9,3061,2017/12/7
1,215,4229,2017/12/5,1754,1867,4,9,388,469,6,22,3061,2017/12/5
1,230,4245,2017/12/3,1455,1987,13,16,892,1015,2,16,3061,2017/12/3
0,234,5820,2017/12/1,278,2683,1,2,540,608,3,66.5,7523,2017/12/1
0,235,5820,2017/12/6,278,2683,1,2,540,608,6,98.5,7523,2017/12/6
1,236,5820,2017/12/7,278,2683,1,2,540,608,5,92.5,7523,2017/12/7
0,237,5820,2017/12/2,278,2683,1,2,540,608,3,66.5,7523,2017/12/2
0,239,6003,2017/12/1,2020,2138,6,7,1176,1208,0,8,7523,2017/12/1
0,240,6003,2017/12/6,2020,2138,6,7,1176,1208,0,8,7523,2017/12/6
1,241,6003,2017/12/7,28,2138,4,7,1111,1208,0,13,7523,2017/12/7
0,242,6003,2017/12/2,28,2138,4,7,1111,1208,0,13,7523,2017/12/2
0,244,6004,2017/12/1,562,349,6,7,828,911,2,9,7523,2017/12/1
0,245,6004,2017/12/6,562,349,6,7,828,911,4,9,7523,2017/12/6
1,246,6004,2017/12/7,28,349,4,7,776,911,3,15,7523,2017/12/7
0,247,6004,2017/12/2,28,349,4,7,776,911,2,15,7523,2017/12/2
0,254,6025,2017/12/1,1579,202,5,6,725,808,0,10,7523,2017/12/1
0,255,6025,2017/12/6,1579,202,5,6,725,808,0,10,7523,2017/12/6
0,259,6026,2017/12/1,2814,2803,8,9,1028,1095,0,11,7523,2017/12/1
0,260,6026,2017/12/6,2814,2803,8,9,1028,1095,0,11,7523,2017/12/6
1,261,6026,2017/12/7,1579,2803,5,9,940,1095,0,17.5,7523,2017/12/7
0,262,6026,2017/12/2,1579,2803,5,9,940,1095,0,17.5,7523,2017/12/2
1,273,6034,2017/12/7,838,2034,6,10,643,761,0,11,7523,2017/12/7
0,274,6034,2017/12/2,838,2034,6,10,643,761,0,11,7523,2017/12/2
0,282,6036,2017/12/6,643,2469,8,9,1861,1880,4,5,7523,2017/12/5
1,283,6036,2017/12/7,1463,2469,5,9,1653,1880,3,33,7523,2017/12/6
0,284,6036,2017/12/2,1463,2469,5,9,1653,1880,2,32,7523,2017/12/1
0,292,6043,2017/12/6,1853,2608,14,15,1127,1147,0,5,7523,2017/12/6
0,295,6043,2017/12/1,1853,2608,14,15,1127,1147,0,5,7523,2017/12/1
0,306,6046,2017/12/1,2345,143,6,7,1219,1241,0,8,7523,2017/12/1
0,307,6046,2017/12/6,2345,143,6,7,1219,1241,0,8,7523,2017/12/6
1,311,6245,2017/12/5,429,710,38,53,1157,1493,6,53,9589,2017/12/5
0,312,6245,2017/12/2,2654,1843,58,60,1712,1786,3,14,9589,2017/12/1
0,313,6246,2017/12/4,2381,953,33,41,1677,1802,2,12,9589,2017/12/3
0,315,6251,2017/12/3,606,817,8,11,943,1014,0,8.5,9589,2017/12/3
0,316,6251,2017/12/4,1900,2806,1,13,807,1035,0,14.5,9589,2017/12/4
1,317,6251,2017/12/2,1502,1842,3,16,841,1110,0,14.5,9589,2017/12/2
1,319,6251,2017/12/7,606,1842,8,16,943,1110,0,11.5,9589,2017/12/7
0,322,6251,2017/12/6,1541,817,7,11,917,1014,0,9.5,9589,2017/12/6
1,325,6252,2017/12/6,2786,2806,1,5,442,529,0,8,9589,2017/12/6
1,326,6252,2017/12/7,1464,1502,9,15,588,701,0,10.5,9589,2017/12/7
0,327,6252,2017/12/1,2378,1900,6,17,539,737,0,14.5,9589,2017/12/1
1,328,6252,2017/12/3,2378,817,6,7,539,550,0,6,9589,2017/12/3
1,331,6252,2017/12/3,1464,925,9,12,588,644,0,8.5,9589,2017/12/3
0,332,6252,2017/12/2,2378,1414,6,13,539,673,0,11.5,9589,2017/12/2
1,333,6252,2017/12/4,1842,1900,2,17,461,737,0,16.5,9589,2017/12/4
0,334,6253,2017/12/1,1127,383,6,9,1188,1234,0,8.5,9589,2017/12/1
1,336,6253,2017/12/4,383,2157,9,11,1234,1269,0,7,9589,2017/12/4
0,338,6253,2017/12/2,383,11,9,10,1234,1251,0,5,9589,2017/12/2
1,341,6253,2017/12/4,1838,1974,2,8,1118,1219,0,9,9589,2017/12/4
1,346,6253,2017/12/6,1127,2027,6,7,1188,1204,0,6,9589,2017/12/6
1,347,6253,2017/12/7,1838,2157,2,11,1118,1269,0,12.5,9589,2017/12/7
0,348,6254,2017/12/1,1974,636,2,3,451,520,0,11.5,9589,2017/12/1
0,352,6254,2017/12/2,1974,636,2,3,451,520,0,11.5,9589,2017/12/2
1,359,6254,2017/12/5,1974,636,2,3,451,520,0,11.5,9589,2017/12/5
0,360,6257,2017/12/1,804,2083,3,5,1128,1180,0,8.5,9589,2017/12/1
0,362,6257,2017/12/5,295,131,1,4,1079,1151,0,12,9589,2017/12/5
0,366,6257,2017/12/2,804,131,3,4,1128,1151,0,7,9589,2017/12/2
1,369,6268,2017/12/4,1507,2277,17,20,1851,2005,0,10,9589,2017/12/3
0,371,6268,2017/12/2,1189,2277,19,20,1930,2005,2,11,9589,2017/12/1
0,373,6270,2017/12/1,1116,1883,11,15,1360,1548,0,10,9589,2017/12/1
0,374,6270,2017/12/1,1013,1302,9,10,1316,1340,0,6,9589,2017/12/1
0,376,6270,2017/12/4,1011,1623,13,17,1437,1649,0,9,9589,2017/12/4
0,377,6270,2017/12/2,1901,1892,16,18,1591,1670,0,7,9589,2017/12/1
0,378,6270,2017/12/2,1011,1883,13,15,1437,1548,0,7,9589,2017/12/2
1,385,6270,2017/12/6,1302,1116,10,11,1340,1360,0,7,9589,2017/12/6
0,395,6274,2017/12/1,2369,2537,11,12,1028,1050,0,5,9589,2017/12/1
1,396,6274,2017/12/4,1401,295,20,23,1271,1310,0,7,9589,2017/12/4
0,398,6274,2017/12/2,1401,2282,20,22,1271,1294,0,5,9589,2017/12/2
1,406,6274,2017/12/6,2537,501,12,14,1050,1143,0,7,9589,2017/12/6
0,412,6275,2017/12/2,1546,2846,7,8,724,748,0,6,9589,2017/12/2
0,413,6275,2017/12/2,1655,51,5,6,690,708,0,6,9589,2017/12/2
1,420,6275,2017/12/6,724,1655,4,5,673,690,0,5,9589,2017/12/6
0,422,C1012,2017/12/3,1934,1132,1,2,701,737,0,33,4549,2017/12/3
0,424,C1013,2017/12/3,2599,595,1,2,568,610,0,36.5,4549,2017/12/3
0,426,C1014,2017/12/3,1934,687,1,2,830,854,0,22,4549,2017/12/3
0,428,C1015,2017/12/3,2599,595,1,2,620,662,0,36.5,4549,2017/12/3
0,430,C1016,2017/12/3,1132,2331,1,2,937,1005,0,68,4549,2017/12/3
0,432,C1017,2017/12/3,2599,595,1,2,780,822,0,36.5,4549,2017/12/3
0,438,C1020,2017/12/3,1132,878,1,2,1043,1064,0,20.5,4549,2017/12/3
0,440,C1021,2017/12/3,2599,595,1,2,872,914,0,36.5,4549,2017/12/3
0,443,C1022,2017/12/3,687,2331,2,4,1082,1168,0,79,4549,2017/12/3
0,454,C1028,2017/12/3,1132,1271,1,2,1220,1260,0,40,4549,2017/12/3
0,456,C1029,2017/12/3,2599,595,1,2,1261,1303,0,36.5,4549,2017/12/3
0,458,C1030,2017/12/3,1271,2331,1,2,395,429,0,33,4549,2017/12/3
0,460,C1031,2017/12/3,1132,1934,1,2,346,380,0,33,4549,2017/12/3
0,470,C1042,2017/12/3,1934,687,1,2,502,526,0,22,4549,2017/12/3
0,484,C1205,2017/12/3,2599,2853,1,2,473,488,0,13.5,4549,2017/12/3
0,496,C1211,2017/12/3,2599,2853,1,2,668,683,0,13.5,4549,2017/12/3
0,500,C2061,2017/12/3,446,790,1,2,880,915,0,59.5,9506,2017/12/3
0,502,C2061,2017/12/7,446,790,1,2,880,915,0,59.5,9506,2017/12/7
0,503,C2061,2017/12/1,446,790,1,2,880,915,0,59.5,9506,2017/12/1
0,504,C2061,2017/12/6,446,790,1,2,880,915,0,59.5,9506,2017/12/6
0,506,C2061,2017/12/4,446,790,1,2,880,915,0,59.5,9506,2017/12/4
0,511,C2062,2017/12/3,790,446,1,2,983,1018,0,59.5,9506,2017/12/3
0,513,C2062,2017/12/7,790,446,1,2,983,1018,0,59.5,9506,2017/12/7
0,514,C2062,2017/12/1,790,446,1,2,983,1018,0,59.5,9506,2017/12/1
0,515,C2062,2017/12/6,790,446,1,2,983,1018,0,59.5,9506,2017/12/6
0,517,C2062,2017/12/4,790,446,1,2,983,1018,0,59.5,9506,2017/12/4
0,555,C2066,2017/12/3,790,446,1,2,1026,1061,0,59.5,9506,2017/12/3
0,557,C2066,2017/12/7,790,446,1,2,1026,1061,0,59.5,9506,2017/12/7
0,558,C2066,2017/12/1,790,446,1,2,1026,1061,0,59.5,9506,2017/12/1
0,559,C2066,2017/12/6,790,446,1,2,1026,1061,0,59.5,9506,2017/12/6
0,561,C2066,2017/12/4,790,446,1,2,1026,1061,0,59.5,9506,2017/12/4
0,566,C2067,2017/12/3,446,790,1,2,932,967,0,59.5,9506,2017/12/3
0,568,C2067,2017/12/7,446,790,1,2,932,967,0,59.5,9506,2017/12/7
0,569,C2067,2017/12/1,446,790,1,2,932,967,0,59.5,9506,2017/12/1
0,570,C2067,2017/12/6,446,790,1,2,932,967,0,59.5,9506,2017/12/6
0,572,C2067,2017/12/4,446,790,1,2,932,967,0,59.5,9506,2017/12/4
0,621,C2072,2017/12/3,790,446,1,2,1081,1116,0,59.5,9506,2017/12/3
0,623,C2072,2017/12/7,790,446,1,2,1081,1116,0,59.5,9506,2017/12/7
0,624,C2072,2017/12/1,790,446,1,2,1081,1116,0,59.5,9506,2017/12/1
0,625,C2072,2017/12/6,790,446,1,2,1081,1116,0,59.5,9506,2017/12/6
0,627,C2072,2017/12/4,790,446,1,2,1081,1116,0,59.5,9506,2017/12/4
0,687,C2078,2017/12/3,790,446,1,2,1121,1156,0,59.5,9506,2017/12/3
0,689,C2078,2017/12/7,790,446,1,2,1121,1156,0,59.5,9506,2017/12/7
0,690,C2078,2017/12/1,790,446,1,2,1121,1156,0,59.5,9506,2017/12/1
0,691,C2078,2017/12/6,790,446,1,2,1121,1156,0,59.5,9506,2017/12/6
0,693,C2078,2017/12/4,790,446,1,2,1121,1156,0,59.5,9506,2017/12/4
0,709,C2080,2017/12/3,790,446,1,2,1157,1192,0,59.5,9506,2017/12/3
0,711,C2080,2017/12/7,790,446,1,2,1157,1192,0,59.5,9506,2017/12/7
0,712,C2080,2017/12/1,790,446,1,2,1157,1192,0,59.5,9506,2017/12/1
0,713,C2080,2017/12/6,790,446,1,2,1157,1192,0,59.5,9506,2017/12/6
0,715,C2080,2017/12/4,790,446,1,2,1157,1192,0,59.5,9506,2017/12/4
0,775,C2086,2017/12/3,790,446,1,2,1209,1244,0,59.5,9506,2017/12/3
0,777,C2086,2017/12/7,790,446,1,2,1209,1244,0,59.5,9506,2017/12/7
0,778,C2086,2017/12/1,790,446,1,2,1209,1244,0,59.5,9506,2017/12/1
0,779,C2086,2017/12/6,790,446,1,2,1209,1244,0,59.5,9506,2017/12/6
0,781,C2086,2017/12/4,790,446,1,2,1209,1244,0,59.5,9506,2017/12/4
0,841,C2092,2017/12/3,790,446,1,2,1254,1289,0,59.5,9506,2017/12/3
0,843,C2092,2017/12/7,790,446,1,2,1254,1289,0,59.5,9506,2017/12/7
0,844,C2092,2017/12/1,790,446,1,2,1254,1289,0,59.5,9506,2017/12/1
0,845,C2092,2017/12/6,790,446,1,2,1254,1289,0,59.5,9506,2017/12/6
0,847,C2092,2017/12/4,790,446,1,2,1254,1289,0,59.5,9506,2017/12/4
0,907,C2098,2017/12/3,790,446,1,2,1299,1334,0,59.5,9506,2017/12/3
0,909,C2098,2017/12/7,790,446,1,2,1299,1334,0,59.5,9506,2017/12/7
0,910,C2098,2017/12/1,790,446,1,2,1299,1334,0,59.5,9506,2017/12/1
0,911,C2098,2017/12/6,790,446,1,2,1299,1334,0,59.5,9506,2017/12/6
0,913,C2098,2017/12/4,790,446,1,2,1299,1334,0,59.5,9506,2017/12/4
0,962,C2103,2017/12/3,446,790,1,2,1338,1373,0,59.5,9506,2017/12/3
0,964,C2103,2017/12/7,446,790,1,2,1338,1373,0,59.5,9506,2017/12/7
0,965,C2103,2017/12/1,446,790,1,2,1338,1373,0,59.5,9506,2017/12/1
0,966,C2103,2017/12/6,446,790,1,2,1338,1373,0,59.5,9506,2017/12/6
0,968,C2103,2017/12/4,446,790,1,2,1338,1373,0,59.5,9506,2017/12/4
0,1006,C2107,2017/12/3,446,790,1,2,1385,1420,0,59.5,9506,2017/12/3
0,1008,C2107,2017/12/7,446,790,1,2,1385,1420,0,59.5,9506,2017/12/7
0,1009,C2107,2017/12/1,446,790,1,2,1385,1420,0,59.5,9506,2017/12/1
0,1010,C2107,2017/12/6,446,790,1,2,1385,1420,0,59.5,9506,2017/12/6
0,1012,C2107,2017/12/4,446,790,1,2,1385,1420,0,59.5,9506,2017/12/4
0,1028,C2201,2017/12/3,1578,790,2,3,417,433,0,5,9506,2017/12/3
0,1030,C2201,2017/12/7,1578,790,2,3,417,433,0,5,9506,2017/12/7
0,1031,C2201,2017/12/1,446,790,1,3,392,433,0,43.5,9506,2017/12/1
0,1032,C2201,2017/12/6,1578,790,2,3,417,433,0,5,9506,2017/12/6
0,1034,C2201,2017/12/4,446,790,1,3,392,433,0,43.5,9506,2017/12/4
0,1050,C2203,2017/12/3,1578,790,2,3,476,492,0,5,9506,2017/12/3
0,1052,C2203,2017/12/7,1578,790,2,3,476,492,0,5,9506,2017/12/7
0,1053,C2203,2017/12/1,446,790,1,3,451,492,0,43.5,9506,2017/12/1
0,1054,C2203,2017/12/6,1578,790,2,3,476,492,0,5,9506,2017/12/6
0,1056,C2203,2017/12/4,446,790,1,3,451,492,0,43.5,9506,2017/12/4
0,1061,C2204,2017/12/3,1578,446,2,3,436,461,0,28,9506,2017/12/3
0,1063,C2204,2017/12/7,1578,446,2,3,436,461,0,28,9506,2017/12/7
0,1065,C2204,2017/12/6,1578,446,2,3,436,461,0,28,9506,2017/12/6
0,1072,C6809,2017/12/5,1784,1783,1,2,749,772,0,15,8575,2017/12/5
0,1073,C6809,2017/12/1,1784,1783,1,2,749,772,0,15,8575,2017/12/1
0,1074,C6810,2017/12/5,1783,1784,1,2,711,732,0,15,8575,2017/12/5
0,1075,C6810,2017/12/1,1783,1784,1,2,711,732,0,15,8575,2017/12/1
0,1076,C6811,2017/12/5,1784,1783,1,2,834,857,0,15,8575,2017/12/5
0,1077,C6811,2017/12/1,1784,1783,1,2,834,857,0,15,8575,2017/12/1
0,1078,C6812,2017/12/5,1783,1784,1,2,790,811,0,15,8575,2017/12/5
0,1079,C6812,2017/12/1,1783,1784,1,2,790,811,0,15,8575,2017/12/1
0,1080,C6813,2017/12/5,1784,1783,1,2,920,944,0,15,8575,2017/12/5
0,1081,C6813,2017/12/1,1784,1783,1,2,920,944,0,15,8575,2017/12/1
0,1082,C6814,2017/12/5,1783,1784,1,2,880,901,0,15,8575,2017/12/5
0,1083,C6814,2017/12/1,1783,1784,1,2,880,901,0,15,8575,2017/12/1
0,1084,C6815,2017/12/5,1784,1783,1,2,998,1021,0,15,8575,2017/12/5
0,1085,C6815,2017/12/1,1784,1783,1,2,998,1021,0,15,8575,2017/12/1
0,1086,C6816,2017/12/5,1783,1784,1,2,960,982,0,15,8575,2017/12/5
0,1087,C6816,2017/12/1,1783,1784,1,2,960,982,0,15,8575,2017/12/1
0,1088,C6817,2017/12/5,1784,1783,1,2,1077,1101,0,15,8575,2017/12/5
0,1089,C6817,2017/12/1,1784,1783,1,2,1077,1101,0,15,8575,2017/12/1
0,1090,C6818,2017/12/5,1783,1784,1,2,1040,1061,0,15,8575,2017/12/5
0,1091,C6818,2017/12/1,1783,1784,1,2,1040,1061,0,15,8575,2017/12/1
0,1092,C6819,2017/12/5,1784,1783,1,2,1158,1182,0,15,8575,2017/12/5
0,1093,C6819,2017/12/1,1784,1783,1,2,1158,1182,0,15,8575,2017/12/1
0,1094,C6820,2017/12/5,1783,1784,1,2,1119,1140,0,15,8575,2017/12/5
0,1095,C6820,2017/12/1,1783,1784,1,2,1119,1140,0,15,8575,2017/12/1
0,1096,C6821,2017/12/5,1784,1783,1,2,1235,1260,0,15,8575,2017/12/5
0,1097,C6821,2017/12/1,1784,1783,1,2,1235,1260,0,15,8575,2017/12/1
0,1098,C6822,2017/12/5,1783,1784,1,2,1195,1216,0,15,8575,2017/12/5
0,1099,C6822,2017/12/1,1783,1784,1,2,1195,1216,0,15,8575,2017/12/1
0,1100,C6823,2017/12/5,1784,1783,1,2,1310,1335,0,15,8575,2017/12/5
0,1101,C6823,2017/12/1,1784,1783,1,2,1310,1335,0,15,8575,2017/12/1
0,1102,C6824,2017/12/5,1783,1784,1,2,1275,1296,0,15,8575,2017/12/5
0,1103,C6824,2017/12/1,1783,1784,1,2,1275,1296,0,15,8575,2017/12/1
0,1104,C7601,2017/12/5,2730,977,2,4,400,420,1,25,8575,2017/12/5
0,1105,C7601,2017/12/1,2730,938,2,3,400,411,1,15,8575,2017/12/1
0,1106,C7602,2017/12/5,129,938,2,4,447,467,0,25,8575,2017/12/5
0,1107,C7602,2017/12/1,129,977,2,3,447,458,0,15,8575,2017/12/1
0,1109,C7603,2017/12/1,938,977,2,3,436,445,0,10,8575,2017/12/1
0,1111,C7605,2017/12/1,938,977,3,4,466,475,0,10,8575,2017/12/1
0,1113,C7606,2017/12/1,129,977,3,4,477,488,0,20,8575,2017/12/1
0,1114,C7608,2017/12/5,129,938,2,4,508,528,1,30,8575,2017/12/5
0,1115,C7608,2017/12/1,129,977,2,3,508,519,1,15,8575,2017/12/1
0,1119,C7610,2017/12/1,644,508,3,4,527,536,0,5,8575,2017/12/1
1,1120,C7681,2017/12/4,129,1930,4,5,1321,1349,0,35,1741,2017/12/4
1,1121,C7681,2017/12/5,129,1930,4,5,1321,1349,0,35,1741,2017/12/5
0,1122,C7681,2017/12/1,977,129,3,4,1310,1321,0,20,1741,2017/12/1
0,1123,C7681,2017/12/3,129,1930,4,5,1321,1349,1,45,1741,2017/12/3
1,1125,C7681,2017/12/5,2730,977,2,3,1295,1310,0,20,1741,2017/12/5
0,1127,C7681,2017/12/7,1098,2730,1,2,1285,1295,1,20,1741,2017/12/7
1,1132,C7682,2017/12/4,2730,1098,6,7,1383,1393,0,15,1741,2017/12/4
1,1133,C7682,2017/12/5,2730,1098,6,7,1383,1393,0,15,1741,2017/12/5
0,1134,C7682,2017/12/1,938,2730,5,6,1372,1383,0,15,1741,2017/12/1
0,1135,C7682,2017/12/3,2730,1098,6,7,1383,1393,0,15,1741,2017/12/3
1,1136,C7682,2017/12/4,129,938,3,5,1352,1372,0,25,1741,2017/12/4
1,1137,C7682,2017/12/5,129,977,3,4,1352,1363,0,20,1741,2017/12/5
0,1139,C7682,2017/12/7,1930,1362,1,2,1320,1332,0,15,1741,2017/12/7
0,1140,C7682,2017/12/7,129,938,3,5,1352,1372,0,25,1741,2017/12/7
0,1158,C7686,2017/12/1,977,1098,3,4,1388,1408,0,35,1741,2017/12/1
0,1164,C7686,2017/12/7,129,977,2,3,1377,1388,0,15,1741,2017/12/7
1,1168,C7687,2017/12/4,1362,1930,6,7,1411,1424,0,5,1741,2017/12/4
1,1169,C7687,2017/12/5,1362,1930,6,7,1411,1424,0,5,1741,2017/12/5
0,1171,C7687,2017/12/3,1362,1930,6,7,1411,1424,0,5,1741,2017/12/3
1,1173,C7687,2017/12/5,938,977,3,4,1371,1380,0,10,1741,2017/12/5
0,1177,C7687,2017/12/1,1362,1930,6,7,1411,1424,0,5,1741,2017/12/1
1,1180,C7688,2017/12/4,2730,1098,6,7,1428,1438,0,15,1741,2017/12/4
1,1181,C7688,2017/12/5,2730,1098,6,7,1428,1438,0,15,1741,2017/12/5
0,1183,C7688,2017/12/3,2730,1098,6,7,1428,1438,1,15,1741,2017/12/3
1,1185,C7688,2017/12/5,129,977,3,4,1397,1408,0,15,1741,2017/12/5
0,1188,C7688,2017/12/7,129,938,3,5,1397,1417,1,30,1741,2017/12/7
0,1189,C7688,2017/12/1,2730,1098,6,7,1428,1438,1,15,1741,2017/12/1
1,1192,C7701,2017/12/4,1649,1283,6,7,448,455,0,10,1741,2017/12/4
1,1193,C7701,2017/12/5,1649,1283,6,7,448,455,0,10,1741,2017/12/5
0,1194,C7701,2017/12/1,576,1649,5,6,439,448,0,15,1741,2017/12/1
0,1195,C7701,2017/12/3,1649,1283,6,7,448,455,0,10,1741,2017/12/3
1,1196,C7701,2017/12/4,938,576,3,5,421,439,0,15,1741,2017/12/4
1,1197,C7701,2017/12/5,938,977,3,4,421,430,0,10,1741,2017/12/5
0,1199,C7701,2017/12/7,1098,2730,1,2,400,410,0,15,1741,2017/12/7
0,1200,C7701,2017/12/7,938,576,3,5,421,439,0,15,1741,2017/12/7
1,1204,C7702,2017/12/4,2730,1098,6,7,466,475,0,15,1741,2017/12/4
1,1205,C7702,2017/12/5,2730,1098,6,7,466,475,0,15,1741,2017/12/5
0,1206,C7702,2017/12/1,938,2730,5,6,455,466,0,15,1741,2017/12/1
0,1207,C7702,2017/12/3,2730,1098,6,7,466,475,0,15,1741,2017/12/3
1,1209,C7702,2017/12/5,576,977,3,4,437,446,0,10,1741,2017/12/5
1,1216,C7704,2017/12/4,2056,1098,8,9,529,535,0,10,1741,2017/12/4
1,1217,C7704,2017/12/5,2730,1098,7,9,521,535,0,15,1741,2017/12/5
0,1218,C7704,2017/12/1,938,2730,6,7,510,521,0,15,1741,2017/12/1
0,1219,C7704,2017/12/3,2056,1098,8,9,529,535,0,10,1741,2017/12/3
1,1220,C7704,2017/12/4,977,2730,4,7,496,521,0,25,1741,2017/12/4
1,1221,C7704,2017/12/5,977,495,4,5,496,503,0,10,1741,2017/12/5
0,1223,C7704,2017/12/7,1649,576,2,3,478,487,0,5,1741,2017/12/7
0,1225,C7704,2017/12/1,2056,1098,8,9,529,535,0,10,1741,2017/12/1
0,1230,C7705,2017/12/1,576,1649,5,6,494,503,0,15,1741,2017/12/1
0,1231,C7705,2017/12/3,1649,1283,6,7,503,510,0,10,1741,2017/12/3
1,1232,C7705,2017/12/4,938,576,3,5,476,494,0,15,1741,2017/12/4
1,1233,C7705,2017/12/5,938,977,3,4,476,485,0,10,1741,2017/12/5
0,1235,C7705,2017/12/7,1098,2730,1,2,455,465,0,15,1741,2017/12/7
1,1240,C7707,2017/12/4,1649,1283,6,7,538,546,0,10,1741,2017/12/4
1,1241,C7707,2017/12/5,1649,1283,6,7,538,546,0,10,1741,2017/12/5
0,1243,C7707,2017/12/3,1649,1283,6,7,538,546,0,10,1741,2017/12/3
1,1245,C7707,2017/12/5,938,977,3,4,511,520,0,10,1741,2017/12/5
0,1247,C7707,2017/12/7,1098,2730,1,2,490,500,0,15,1741,2017/12/7
0,1248,C7707,2017/12/7,938,576,3,5,511,529,0,15,1741,2017/12/7
0,1249,C7707,2017/12/1,1649,1283,6,7,538,546,0,10,1741,2017/12/1
1,1252,C7708,2017/12/4,938,1098,5,6,577,593,0,25,1741,2017/12/4
1,1253,C7708,2017/12/5,938,1098,5,6,577,593,0,25,1741,2017/12/5
0,1254,C7708,2017/12/1,977,938,4,5,568,577,0,15,1741,2017/12/1
0,1255,C7708,2017/12/3,938,1098,5,6,577,593,0,25,1741,2017/12/3
1,1257,C7708,2017/12/5,576,977,3,4,557,568,0,10,1741,2017/12/5
0,1259,C7708,2017/12/7,1283,1649,1,2,540,548,0,15,1741,2017/12/7
1,1264,C7709,2017/12/4,1649,1283,6,7,598,605,0,10,1741,2017/12/4
1,1265,C7709,2017/12/5,1649,1283,6,7,598,605,0,10,1741,2017/12/5
0,1266,C7709,2017/12/1,576,1649,5,6,589,598,0,15,1741,2017/12/1
0,1267,C7709,2017/12/3,1649,1283,6,7,598,605,0,10,1741,2017/12/3
0,1271,C7709,2017/12/7,1098,2731,1,2,550,563,0,20,1741,2017/12/7
0,1272,C7709,2017/12/7,938,576,3,5,571,589,0,15,1741,2017/12/7
1,1276,C7710,2017/12/4,459,1098,7,8,644,653,0,15,1741,2017/12/4
1,1277,C7710,2017/12/5,459,1098,7,8,644,653,0,15,1741,2017/12/5
0,1278,C7710,2017/12/1,938,459,6,7,632,644,0,15,1741,2017/12/1
0,1279,C7710,2017/12/3,459,1098,7,8,644,653,0,15,1741,2017/12/3
1,1280,C7710,2017/12/4,576,938,3,6,607,632,0,20,1741,2017/12/4
1,1281,C7710,2017/12/5,576,977,3,4,607,618,0,10,1741,2017/12/5
0,1283,C7710,2017/12/7,1649,576,2,3,598,607,0,5,1741,2017/12/7
1,1288,C7712,2017/12/4,2056,1098,7,8,684,690,0,10,1741,2017/12/4
1,1289,C7712,2017/12/5,2056,1098,7,8,684,690,0,10,1741,2017/12/5
0,1290,C7712,2017/12/1,2731,2056,6,7,673,684,0,15,1741,2017/12/1
0,1291,C7712,2017/12/3,2056,1098,7,8,684,690,0,10,1741,2017/12/3
0,1295,C7712,2017/12/7,1649,576,2,3,638,647,0,5,1741,2017/12/7
1,1299,C7712,2017/12/4,977,2731,4,6,656,673,0,20,1741,2017/12/4
1,1301,C7713,2017/12/5,1649,1283,7,8,663,670,0,10,1741,2017/12/5
0,1302,C7713,2017/12/1,576,1649,6,7,654,663,0,15,1741,2017/12/1
0,1303,C7713,2017/12/3,1649,1283,7,8,663,670,0,10,1741,2017/12/3
1,1305,C7713,2017/12/5,938,495,3,4,631,638,0,5,1741,2017/12/5
0,1307,C7713,2017/12/7,2730,938,2,3,620,631,0,15,1741,2017/12/7
1,1312,C7715,2017/12/4,1649,1283,6,7,718,725,0,10,1741,2017/12/4
1,1313,C7715,2017/12/5,1649,1283,6,7,718,725,0,10,1741,2017/12/5
0,1314,C7715,2017/12/1,576,1649,5,6,709,718,0,15,1741,2017/12/1
0,1315,C7715,2017/12/3,1649,1283,6,7,718,725,0,10,1741,2017/12/3
1,1316,C7715,2017/12/4,938,576,3,5,691,709,0,15,1741,2017/12/4
1,1317,C7715,2017/12/5,938,977,3,4,691,700,0,10,1741,2017/12/5
0,1319,C7715,2017/12/7,1098,2730,1,2,670,680,0,15,1741,2017/12/7
0,1320,C7715,2017/12/7,938,576,3,5,691,709,0,15,1741,2017/12/7
1,1324,C7716,2017/12/4,2730,1098,6,7,736,746,0,15,1741,2017/12/4
1,1325,C7716,2017/12/5,2730,1098,6,7,736,746,0,15,1741,2017/12/5
0,1326,C7716,2017/12/1,938,2730,5,6,725,736,0,15,1741,2017/12/1
0,1327,C7716,2017/12/3,2730,1098,6,7,736,746,0,15,1741,2017/12/3
1,1329,C7716,2017/12/5,576,977,3,4,707,716,0,10,1741,2017/12/5
1,1336,C7717,2017/12/4,1649,1283,7,8,758,765,0,10,1741,2017/12/4
1,1337,C7717,2017/12/5,1649,1283,7,8,758,765,0,10,1741,2017/12/5
0,1338,C7717,2017/12/1,576,1649,6,7,749,758,0,15,1741,2017/12/1
0,1339,C7717,2017/12/3,1649,1283,7,8,758,765,0,10,1741,2017/12/3
0,1343,C7717,2017/12/7,2056,459,2,3,712,719,0,5,1741,2017/12/7
1,1348,C7718,2017/12/4,938,1098,6,7,780,796,0,25,1741,2017/12/4
1,1349,C7718,2017/12/5,938,1098,6,7,780,796,0,25,1741,2017/12/5
0,1350,C7718,2017/12/1,495,938,5,6,773,780,0,10,1741,2017/12/1
0,1351,C7718,2017/12/3,938,1098,6,7,780,796,0,25,1741,2017/12/3
0,1355,C7718,2017/12/7,1283,1649,1,2,740,748,0,15,1741,2017/12/7
0,1356,C7718,2017/12/7,576,495,3,5,757,773,0,15,1741,2017/12/7
1,1360,C7720,2017/12/4,2730,1098,6,7,826,835,0,15,1741,2017/12/4
1,1361,C7720,2017/12/5,2730,1098,6,7,826,835,0,15,1741,2017/12/5
0,1362,C7720,2017/12/1,938,2730,5,6,815,826,0,15,1741,2017/12/1
0,1363,C7720,2017/12/3,2730,1098,6,7,826,835,0,15,1741,2017/12/3
1,1364,C7720,2017/12/4,576,938,3,5,797,815,0,20,1741,2017/12/4
1,1365,C7720,2017/12/5,576,977,3,4,797,806,0,10,1741,2017/12/5
0,1367,C7720,2017/12/7,1283,1649,1,2,780,788,0,15,1741,2017/12/7
0,1368,C7720,2017/12/7,576,938,3,5,797,815,0,20,1741,2017/12/7
1,1373,C7721,2017/12/5,1649,1283,6,7,814,821,0,10,1741,2017/12/5
0,1374,C7721,2017/12/1,576,1649,5,6,805,814,0,15,1741,2017/12/1
0,1375,C7721,2017/12/3,1649,1283,6,7,814,821,0,10,1741,2017/12/3
1,1384,C7723,2017/12/4,1649,1283,5,6,858,865,0,10,1741,2017/12/4
1,1385,C7723,2017/12/5,1649,1283,5,6,858,865,0,10,1741,2017/12/5
0,1386,C7723,2017/12/1,576,1649,4,5,849,858,0,15,1741,2017/12/1
0,1387,C7723,2017/12/3,1649,1283,5,6,858,865,0,10,1741,2017/12/3
1,1389,C7723,2017/12/5,977,576,3,4,840,849,0,10,1741,2017/12/5
0,1392,C7723,2017/12/7,2730,576,2,4,825,849,0,25,1741,2017/12/7
1,1396,C7724,2017/12/4,459,1098,7,8,888,897,0,15,1741,2017/12/4
1,1397,C7724,2017/12/5,459,1098,7,8,888,897,0,15,1741,2017/12/5
0,1398,C7724,2017/12/1,2730,459,6,7,882,888,0,5,1741,2017/12/1
0,1399,C7724,2017/12/3,459,1098,7,8,888,897,0,15,1741,2017/12/3
0,1404,C7724,2017/12/7,576,495,3,5,853,869,0,15,1741,2017/12/7
1,1408,C7725,2017/12/4,1649,1283,7,8,903,910,0,10,1741,2017/12/4
1,1409,C7725,2017/12/5,1649,1283,7,8,903,910,0,10,1741,2017/12/5
0,1410,C7725,2017/12/1,576,1649,6,7,894,903,0,15,1741,2017/12/1
0,1411,C7725,2017/12/3,1649,1283,7,8,903,910,0,10,1741,2017/12/3
1,1413,C7725,2017/12/5,2731,495,3,4,868,878,0,10,1741,2017/12/5
1,1420,D2256,2017/12/6,1215,2804,9,16,815,1120,0,186,882,2017/12/6
1,1425,D2266,2017/12/6,1135,1627,5,9,603,789,0,129.5,882,2017/12/6
1,1433,D3601,2017/12/2,2495,1098,5,8,564,659,0,71.5,9503,2017/12/2
1,1437,D3601,2017/12/3,34,1098,7,8,630,659,0,21,9503,2017/12/3
1,1439,D3601,2017/12/1,1537,227,4,6,547,595,0,38.5,9503,2017/12/1
1,1490,D3604,2017/12/1,1061,2401,5,7,653,696,0,32.5,9503,2017/12/1
0,1494,D3604,2017/12/2,1509,497,6,9,670,752,0,63.5,9503,2017/12/2
1,1541,D3608,2017/12/1,1061,2401,5,7,744,787,0,32.5,9503,2017/12/1
0,1545,D3608,2017/12/2,1509,497,6,9,761,843,0,63.5,9503,2017/12/2
1,1624,D3614,2017/12/3,940,497,7,8,860,891,0,29.5,9503,2017/12/3
0,1659,D3616,2017/12/7,1537,2401,4,8,795,886,0,57,9503,2017/12/7
1,1660,D3616,2017/12/1,2320,1509,5,7,810,860,0,32.5,9503,2017/12/1
1,1675,D3617,2017/12/3,34,1098,8,9,764,793,0,21,9503,2017/12/3
1,1688,D3618,2017/12/2,1061,497,5,8,849,942,0,73.5,9503,2017/12/2
1,1692,D3618,2017/12/3,2401,497,7,8,892,942,0,46,9503,2017/12/3
0,1740,D3622,2017/12/3,940,496,9,11,952,1000,0,29.5,9503,2017/12/3
1,1745,D3622,2017/12/1,1061,940,6,9,884,952,0,49,9503,2017/12/1
0,1754,D5303,2017/12/7,1084,144,3,5,566,622,0,48.5,1203,2017/12/7
0,1755,D5303,2017/12/3,2685,2618,4,7,596,659,0,53,1203,2017/12/3
0,1757,D5303,2017/12/5,1370,1084,2,3,540,566,0,25.5,1203,2017/12/5
1,1758,D5303,2017/12/1,2685,2618,4,7,596,659,0,53,1203,2017/12/1
0,1759,D5303,2017/12/6,2685,144,4,5,596,622,0,25,1203,2017/12/6
0,1760,D5304,2017/12/7,144,2685,3,5,659,692,0,24.5,1203,2017/12/7
0,1761,D5304,2017/12/3,1737,808,4,7,672,740,0,56.5,1203,2017/12/3
0,1763,D5304,2017/12/5,2618,144,2,3,629,659,0,33,1203,2017/12/5
1,1764,D5304,2017/12/1,1737,808,4,7,672,740,0,56.5,1203,2017/12/1
0,1765,D5304,2017/12/6,1737,2685,4,5,672,692,0,18.5,1203,2017/12/6
0,1772,D5306,2017/12/7,298,1370,2,4,721,811,0,90.5,1203,2017/12/7
0,1775,D5306,2017/12/5,2453,298,1,2,698,721,0,24.5,1203,2017/12/5
1,1776,D5306,2017/12/1,144,800,3,5,743,824,0,77,1203,2017/12/1
0,1777,D5306,2017/12/6,144,1370,3,4,743,811,0,72,1203,2017/12/6
0,1781,D5307,2017/12/5,800,808,1,2,665,688,0,19.5,1203,2017/12/5
0,1783,D5307,2017/12/6,1084,2685,3,4,707,737,0,28.5,1203,2017/12/6
0,1785,D5308,2017/12/3,2346,265,4,7,806,872,0,52.5,1203,2017/12/3
0,1787,D5308,2017/12/5,2618,298,2,3,777,792,0,14.5,1203,2017/12/5
0,1790,D5309,2017/12/7,2685,144,3,5,846,879,0,25,1203,2017/12/7
1,1794,D5309,2017/12/1,2685,144,3,5,846,879,0,25,1203,2017/12/1
0,1795,D5309,2017/12/6,2685,1737,3,4,846,866,0,18.5,1203,2017/12/6
0,1796,D5310,2017/12/7,1737,808,3,5,890,953,0,56.5,1203,2017/12/7
0,1797,D5310,2017/12/3,1737,808,3,5,890,953,0,56.5,1203,2017/12/3
0,1799,D5310,2017/12/5,2453,144,1,2,838,877,0,43,1203,2017/12/5
1,1800,D5310,2017/12/1,1737,808,3,5,890,953,0,56.5,1203,2017/12/1
0,1801,D5310,2017/12/6,1737,1084,3,4,890,934,0,42,1203,2017/12/6
0,1808,D5312,2017/12/7,2346,1737,3,5,973,1001,0,21,1203,2017/12/7
0,1809,D5312,2017/12/3,2346,1737,3,5,973,1001,0,21,1203,2017/12/3
0,1811,D5312,2017/12/5,2453,298,1,2,936,959,0,24.5,1203,2017/12/5
1,1812,D5312,2017/12/1,2346,1737,3,5,973,1001,0,21,1203,2017/12/1
0,1813,D5312,2017/12/6,2346,144,3,4,973,988,0,15,1203,2017/12/6
0,1814,D5313,2017/12/7,1737,298,3,5,1007,1042,0,29.5,1203,2017/12/7
0,1815,D5313,2017/12/3,1737,2618,3,6,1007,1057,0,39.5,1203,2017/12/3
1,1818,D5313,2017/12/1,144,2618,4,6,1020,1057,0,33,1203,2017/12/1
0,1819,D5313,2017/12/6,144,298,4,5,1020,1042,0,23,1203,2017/12/6
0,1820,D5314,2017/12/7,2346,1874,3,5,1054,1106,0,46,1203,2017/12/7
0,1821,D5314,2017/12/3,1737,808,4,7,1075,1143,0,56.5,1203,2017/12/3
0,1823,D5314,2017/12/5,2618,2346,2,3,1032,1054,0,23,1203,2017/12/5
1,1824,D5314,2017/12/1,1737,808,4,7,1075,1143,0,56.5,1203,2017/12/1
0,1825,D5314,2017/12/6,1737,1874,4,5,1075,1106,0,30,1203,2017/12/6
0,1832,D5316,2017/12/7,265,1370,3,5,1174,1212,0,44.5,1203,2017/12/7
0,1833,D5316,2017/12/3,265,1370,3,5,1174,1212,0,44.5,1203,2017/12/3
0,1835,D5316,2017/12/5,2453,144,1,2,1092,1130,0,43,1203,2017/12/5
1,1836,D5316,2017/12/1,265,1370,3,5,1174,1212,0,44.5,1203,2017/12/1
0,1837,D5316,2017/12/6,265,1084,3,4,1174,1186,0,20.5,1203,2017/12/6
1,1840,D5317,2017/12/7,1370,265,2,4,1107,1145,0,33,1203,2017/12/7
0,1844,D5318,2017/12/7,144,1370,3,5,1221,1298,0,72,1203,2017/12/7
0,1845,D5318,2017/12/3,144,1370,3,5,1221,1298,0,72,1203,2017/12/3
0,1847,D5318,2017/12/5,2453,298,1,2,1174,1198,0,24.5,1203,2017/12/5
1,1848,D5318,2017/12/1,144,1370,3,5,1221,1298,0,72,1203,2017/12/1
0,1849,D5318,2017/12/6,144,1084,3,4,1221,1271,0,48,1203,2017/12/6
0,1853,D5319,2017/12/5,808,1084,2,3,1215,1233,0,19,1203,2017/12/5
1,1857,D5320,2017/12/1,144,800,4,5,1312,1387,0,77,1203,2017/12/1
1,1859,D5320,2017/12/2,298,144,3,4,1290,1312,1,27,1203,2017/12/2
0,1860,D5333,2017/12/7,800,265,1,2,432,469,0,39,1203,2017/12/7
0,1861,D5333,2017/12/3,800,265,1,2,432,469,0,39,1203,2017/12/3
0,1863,D5333,2017/12/5,800,265,1,2,432,469,0,39,1203,2017/12/5
1,1864,D5333,2017/12/1,800,265,1,2,432,469,0,39,1203,2017/12/1
0,1865,D5333,2017/12/6,800,265,1,2,432,469,0,39,1203,2017/12/6
0,1866,D5334,2017/12/7,1084,808,2,3,500,519,0,18.5,1203,2017/12/7
0,1867,D5334,2017/12/3,1084,800,2,4,500,541,0,33,1203,2017/12/3
0,1869,D5334,2017/12/5,265,1084,1,2,489,500,0,11,1203,2017/12/5
1,1870,D5334,2017/12/1,1084,800,2,4,500,541,0,33,1203,2017/12/1
0,1871,D5334,2017/12/6,1084,808,2,3,500,519,0,18.5,1203,2017/12/6
0,1879,D5499,2017/12/3,590,346,1,2,565,593,0,30.5,1203,2017/12/3
1,1882,D5499,2017/12/1,590,346,1,2,565,593,0,30.5,1203,2017/12/1
0,1883,D5499,2017/12/6,590,346,1,2,565,593,0,30.5,1203,2017/12/6
0,1884,D5571,2017/12/7,1824,1825,2,3,1331,1349,0,21,1203,2017/12/7
0,1885,D5571,2017/12/3,1824,913,2,4,1331,1362,0,31,1203,2017/12/3
0,1887,D5571,2017/12/5,482,1824,1,2,1312,1331,0,19,1203,2017/12/5
0,1889,D5571,2017/12/6,1824,1825,2,3,1331,1349,0,21,1203,2017/12/6
0,1902,D5726,2017/12/7,1576,2264,1,2,1240,1325,0,68.5,2468,2017/12/7
1,1904,D5726,2017/12/5,2264,918,2,3,1325,1358,0,30,2468,2017/12/5
0,1906,D5726,2017/12/2,2264,918,2,3,1325,1358,0,30,2468,2017/12/2
0,1908,D5726,2017/12/4,2264,918,2,3,1325,1358,0,30,2468,2017/12/4
0,1909,D5726,2017/12/6,2264,918,2,3,1325,1358,0,30,2468,2017/12/6
0,1915,D5728,2017/12/7,918,2264,1,2,1090,1124,1,35.5,2468,2017/12/7
0,1916,D5728,2017/12/7,1852,1576,3,4,1152,1217,1,56,2468,2017/12/7
1,1917,D5728,2017/12/5,2264,1852,2,3,1124,1152,0,26,2468,2017/12/5
0,1919,D5728,2017/12/2,1852,1576,3,4,1152,1217,0,47,2468,2017/12/2
0,1921,D5728,2017/12/4,1852,1576,3,4,1152,1217,1,56,2468,2017/12/4
0,1922,D5728,2017/12/6,1852,1576,3,4,1152,1217,0,47,2468,2017/12/6
0,1928,D5817,2017/12/7,1625,1852,1,2,415,467,0,44.5,2468,2017/12/7
0,1929,D5817,2017/12/7,2264,918,3,4,495,528,0,30,2468,2017/12/7
1,1930,D5817,2017/12/5,1852,2264,2,3,467,495,0,25,2468,2017/12/5
0,1932,D5817,2017/12/2,2264,918,3,4,495,528,0,30,2468,2017/12/2
0,1934,D5817,2017/12/4,2264,918,3,4,495,528,0,30,2468,2017/12/4
0,1935,D5817,2017/12/6,2264,918,3,4,495,528,0,30,2468,2017/12/6
0,1942,D5819,2017/12/7,2264,918,4,5,568,601,0,30,2468,2017/12/7
1,1943,D5819,2017/12/5,1852,2264,3,4,538,568,0,25,2468,2017/12/5
0,1945,D5819,2017/12/2,2264,918,4,5,568,601,0,30,2468,2017/12/2
0,1947,D5819,2017/12/4,2264,918,4,5,568,601,0,30,2468,2017/12/4
0,1948,D5819,2017/12/6,1852,2264,3,4,538,568,0,25,2468,2017/12/6
0,1954,D5820,2017/12/7,918,1472,1,2,968,988,0,17.5,2468,2017/12/7
1,1956,D5820,2017/12/5,1852,797,4,6,1036,1064,0,20,2468,2017/12/5
0,1958,D5820,2017/12/2,269,797,5,6,1048,1064,0,15,2468,2017/12/2
0,1960,D5820,2017/12/4,269,1625,5,7,1048,1102,0,38,2468,2017/12/4
0,1961,D5820,2017/12/6,269,797,5,6,1048,1064,0,15,2468,2017/12/6
1,1969,D5826,2017/12/5,1852,797,3,4,1176,1198,0,20,2468,2017/12/5
0,1982,D5852,2017/12/7,2264,918,5,6,683,716,0,30,2468,2017/12/7
1,1983,D5852,2017/12/5,797,2264,3,5,632,683,0,40,2468,2017/12/5
0,1985,D5852,2017/12/2,269,2264,4,5,648,683,0,32,2468,2017/12/2
0,1987,D5852,2017/12/4,269,918,4,6,648,716,0,57,2468,2017/12/4
0,1988,D5852,2017/12/6,269,2264,4,5,648,683,0,32,2468,2017/12/6
0,1994,D5854,2017/12/7,918,1472,1,2,376,396,1,19.5,2468,2017/12/7
1,2006,D5854,2017/12/2,1472,1627,2,7,396,489,0,64,2468,2017/12/2
1,2007,D5856,2017/12/7,2264,918,3,4,832,865,0,30,2468,2017/12/7
1,2008,D5856,2017/12/4,2264,918,3,4,832,865,0,30,2468,2017/12/4
1,2010,D5856,2017/12/6,1577,918,1,4,730,865,0,89.5,2468,2017/12/6
1,2012,D5856,2017/12/5,2264,918,3,4,832,865,0,30,2468,2017/12/5
0,2014,D5856,2017/12/2,1577,918,1,4,730,865,0,89.5,2468,2017/12/2
1,2023,D5858,2017/12/5,1625,1577,5,6,688,713,1,18,2468,2017/12/5
1,2028,D5862,2017/12/7,1852,2264,5,6,1031,1059,0,25,2468,2017/12/7
1,2030,D5862,2017/12/3,1627,918,3,7,992,1093,0,77,2468,2017/12/3
0,2031,D5862,2017/12/6,797,1852,4,5,1009,1031,0,20,2468,2017/12/6
0,2037,D5864,2017/12/7,918,1472,1,2,745,765,1,19.5,2468,2017/12/7
0,2038,D5864,2017/12/7,1625,1577,7,8,897,920,1,18,2468,2017/12/7
1,2045,D5864,2017/12/5,1625,1577,7,8,897,920,1,18,2468,2017/12/5
1,2050,D6677,2017/12/1,2856,2092,7,11,1249,1387,1,126.5,9085,2017/12/1
0,2051,D6677,2017/12/5,221,284,2,3,1145,1164,0,20.5,9085,2017/12/5
1,2052,D6677,2017/12/2,221,2088,2,12,1145,1403,0,197.5,9085,2017/12/2
0,2053,D6677,2017/12/6,1706,2273,9,10,1339,1366,1,29,9085,2017/12/6
0,2057,D671,2017/12/6,1857,1858,7,8,1287,1302,0,12.5,9085,2017/12/6
0,2059,D672,2017/12/5,1225,1220,2,3,1003,1019,0,14,9085,2017/12/5
0,2061,D672,2017/12/6,544,1706,9,10,1209,1236,0,26,9085,2017/12/6
0,2063,D6721,2017/12/5,447,2770,1,2,1281,1314,0,30.5,9085,2017/12/5
1,2066,D6724,2017/12/1,1986,2207,5,7,519,551,0,27.5,9085,2017/12/1
0,2067,D6724,2017/12/5,2033,1562,1,2,435,451,0,15.5,9085,2017/12/5
1,2068,D6724,2017/12/2,1562,792,2,8,451,569,0,92,9085,2017/12/2
0,2069,D6724,2017/12/6,2691,2207,6,7,532,551,0,19,9085,2017/12/6
1,2074,D6732,2017/12/1,2691,645,6,10,577,676,0,68.5,9085,2017/12/1
0,2077,D6732,2017/12/6,790,1840,8,9,618,651,0,25,9085,2017/12/6
1,2078,D6734,2017/12/1,1990,1561,5,8,908,1023,1,68.5,9085,2017/12/1
0,2079,D6734,2017/12/5,645,790,2,3,807,848,0,40,9085,2017/12/5
1,2080,D6734,2017/12/2,645,2033,2,9,807,1038,0,139,9085,2017/12/2
0,2081,D6734,2017/12/6,1187,300,6,7,935,957,1,13.5,9085,2017/12/6
0,2087,D6738,2017/12/5,455,1835,2,3,1063,1085,0,25,9085,2017/12/5
1,2090,D6751,2017/12/1,618,435,2,4,395,459,0,50.5,9085,2017/12/1
0,2091,D6751,2017/12/5,619,618,1,2,384,395,0,10.5,9085,2017/12/5
0,2093,D6751,2017/12/6,436,435,3,4,448,459,0,10,9085,2017/12/6
0,2095,D6752,2017/12/5,435,436,1,2,480,493,0,10.5,9085,2017/12/5
0,2099,D6753,2017/12/5,619,618,1,2,507,518,0,10.5,9085,2017/12/5
0,2101,D6753,2017/12/6,2297,436,3,4,557,577,0,17.5,9085,2017/12/6
0,2103,D6754,2017/12/5,435,436,1,2,612,625,0,10.5,9085,2017/12/5
1,2104,D6754,2017/12/2,435,618,1,3,612,678,0,53.5,9085,2017/12/2
0,2109,D6755,2017/12/6,436,435,2,3,659,670,0,10,9085,2017/12/6
1,2110,D6756,2017/12/1,436,618,2,4,713,770,0,48,9085,2017/12/1
0,2111,D6756,2017/12/5,435,436,1,2,700,713,0,10.5,9085,2017/12/5
1,2112,D6756,2017/12/2,435,618,1,4,700,770,0,53.5,9085,2017/12/2
0,2113,D6756,2017/12/6,2297,618,3,4,733,770,0,36,9085,2017/12/6
1,2114,D6757,2017/12/1,436,435,2,3,829,840,0,10,9085,2017/12/1
0,2117,D6757,2017/12/6,436,435,2,3,829,840,0,10,9085,2017/12/6
0,2119,D6758,2017/12/5,435,436,1,2,780,793,0,10.5,9085,2017/12/5
1,2122,D6759,2017/12/1,436,435,2,3,894,905,0,10,9085,2017/12/1
0,2125,D6759,2017/12/6,436,435,2,3,894,905,0,10,9085,2017/12/6
0,2127,D6760,2017/12/5,435,436,1,2,885,898,0,10.5,9085,2017/12/5
0,2131,D6761,2017/12/5,618,436,1,2,906,959,0,48.5,9085,2017/12/5
0,2133,D6761,2017/12/6,436,435,2,3,959,970,0,10,9085,2017/12/6
0,2137,D6762,2017/12/6,436,618,2,3,1013,1062,0,48,9085,2017/12/6
1,2138,D6763,2017/12/1,436,435,2,3,1099,1110,0,10,9085,2017/12/1
1,2140,D6763,2017/12/2,618,435,1,3,1046,1110,0,53.5,9085,2017/12/2
0,2141,D6763,2017/12/6,436,435,2,3,1099,1110,0,10,9085,2017/12/6
1,2142,D6764,2017/12/1,436,619,2,4,1148,1214,0,50.5,9085,2017/12/1
0,2149,D6765,2017/12/6,436,435,2,3,1172,1183,0,10,9085,2017/12/6
0,2151,D6766,2017/12/5,435,436,1,2,1205,1218,0,10.5,9085,2017/12/5
0,2153,D6766,2017/12/6,618,619,3,4,1275,1284,0,7.5,9085,2017/12/6
0,2165,D6769,2017/12/6,618,436,4,5,679,732,0,48.5,9085,2017/12/6
1,2166,D7316,2017/12/1,19,2183,1,2,635,721,0,84.5,1764,2017/12/1
1,2167,D7316,2017/12/3,2183,1752,2,3,721,730,0,9,1764,2017/12/3
1,2168,D7316,2017/12/7,2183,1752,2,3,721,730,0,9,1764,2017/12/7
1,2170,D7316,2017/12/2,19,1752,1,3,635,730,0,88.5,1764,2017/12/2
1,2171,D7316,2017/12/4,2183,1752,2,3,721,730,0,9,1764,2017/12/4
1,2176,D7316,2017/12/5,2183,1752,2,3,721,730,0,9,1764,2017/12/5
0,2177,D7316,2017/12/6,19,1752,1,3,635,730,0,88.5,1764,2017/12/6
1,2179,D7317,2017/12/3,2666,19,6,7,735,759,0,24,1764,2017/12/3
1,2181,D7317,2017/12/1,2666,19,6,7,735,759,0,24,1764,2017/12/1
1,2183,D7317,2017/12/4,2666,19,6,7,735,759,0,24,1764,2017/12/4
1,2184,D7317,2017/12/7,1752,534,2,5,649,703,0,39,1764,2017/12/7
0,2187,D7317,2017/12/2,2666,19,6,7,735,759,0,24,1764,2017/12/2
1,2188,D7317,2017/12/5,2666,19,6,7,735,759,0,24,1764,2017/12/5
1,2191,D7319,2017/12/3,2076,19,6,7,775,810,0,35.5,1764,2017/12/3
1,2192,D7319,2017/12/7,1935,2076,4,6,746,775,0,24.5,1764,2017/12/7
1,2193,D7319,2017/12/1,2076,19,6,7,775,810,0,35.5,1764,2017/12/1
1,2195,D7319,2017/12/4,2076,19,6,7,775,810,0,35.5,1764,2017/12/4
0,2199,D7319,2017/12/2,2076,19,6,7,775,810,0,35.5,1764,2017/12/2
1,2200,D7319,2017/12/5,2076,19,6,7,775,810,0,35.5,1764,2017/12/5
1,2203,D7320,2017/12/3,1752,1751,6,7,824,844,0,11,1764,2017/12/3
1,2205,D7320,2017/12/1,1752,1751,6,7,824,844,0,11,1764,2017/12/1
1,2207,D7320,2017/12/4,1752,1751,6,7,824,844,0,11,1764,2017/12/4
0,2211,D7320,2017/12/2,1752,1751,6,7,824,844,0,11,1764,2017/12/2
1,2212,D7320,2017/12/5,1752,1751,6,7,824,844,0,11,1764,2017/12/5
1,2215,D7321,2017/12/3,257,19,7,8,857,865,0,5,1764,2017/12/3
1,2216,D7321,2017/12/7,1935,257,4,7,796,857,0,51,1764,2017/12/7
1,2217,D7321,2017/12/1,257,19,7,8,857,865,0,5,1764,2017/12/1
0,2222,D7321,2017/12/4,257,19,7,8,857,865,0,5,1764,2017/12/4
0,2223,D7321,2017/12/2,257,19,7,8,857,865,0,5,1764,2017/12/2
1,2224,D7321,2017/12/5,257,19,7,8,857,865,0,5,1764,2017/12/5
0,2225,D7321,2017/12/6,1752,12,1,5,745,817,0,53.5,1764,2017/12/6
1,2263,D7325,2017/12/3,2666,19,6,7,912,936,0,24,1764,2017/12/3
1,2264,D7325,2017/12/7,1935,2666,4,6,872,912,0,36,1764,2017/12/7
1,2265,D7325,2017/12/1,2666,19,6,7,912,936,0,24,1764,2017/12/1
1,2267,D7325,2017/12/4,2666,19,6,7,912,936,0,24,1764,2017/12/4
0,2271,D7325,2017/12/2,2666,19,6,7,912,936,0,24,1764,2017/12/2
1,2272,D7325,2017/12/5,2666,19,6,7,912,936,0,24,1764,2017/12/5
0,2273,D7325,2017/12/6,1752,12,1,5,821,893,0,53.5,1764,2017/12/6
1,2275,D7326,2017/12/3,2183,1752,7,8,886,895,0,9,1764,2017/12/3
1,2277,D7326,2017/12/1,2183,1752,7,8,886,895,0,9,1764,2017/12/1
0,2282,D7326,2017/12/4,2183,1752,7,8,886,895,0,9,1764,2017/12/4
0,2283,D7326,2017/12/2,2183,1752,7,8,886,895,0,9,1764,2017/12/2
1,2284,D7326,2017/12/5,2183,1752,7,8,886,895,0,9,1764,2017/12/5
1,2292,D7327,2017/12/7,1752,2183,1,2,860,870,0,10.5,1764,2017/12/7
1,2299,D7329,2017/12/3,2666,19,6,7,970,994,0,24,1764,2017/12/3
1,2300,D7329,2017/12/7,1935,2666,4,6,929,970,0,35,1764,2017/12/7
1,2301,D7329,2017/12/1,2666,19,6,7,970,994,0,24,1764,2017/12/1
1,2303,D7329,2017/12/4,2666,19,6,7,970,994,0,24,1764,2017/12/4
0,2307,D7329,2017/12/2,2666,19,6,7,970,994,0,24,1764,2017/12/2
1,2308,D7329,2017/12/5,2666,19,6,7,970,994,0,24,1764,2017/12/5
1,2323,D7332,2017/12/3,2183,1752,2,3,946,955,0,9,1764,2017/12/3
1,2325,D7332,2017/12/1,2183,1752,2,3,946,955,0,9,1764,2017/12/1
1,2327,D7332,2017/12/4,2183,1752,2,3,946,955,0,9,1764,2017/12/4
0,2331,D7332,2017/12/2,2183,1752,2,3,946,955,0,9,1764,2017/12/2
1,2332,D7332,2017/12/5,2183,1752,2,3,946,955,0,9,1764,2017/12/5
1,2336,D7333,2017/12/7,2183,19,2,3,980,1065,0,83,1764,2017/12/7
0,2345,D7333,2017/12/6,1752,19,1,3,970,1065,0,88.5,1764,2017/12/6
1,2347,D7335,2017/12/3,2666,19,5,6,1073,1097,0,24,1764,2017/12/3
1,2349,D7335,2017/12/1,2666,19,5,6,1073,1097,0,24,1764,2017/12/1
1,2351,D7335,2017/12/4,2666,19,5,6,1073,1097,0,24,1764,2017/12/4
0,2355,D7335,2017/12/2,2666,19,5,6,1073,1097,0,24,1764,2017/12/2
1,2356,D7335,2017/12/5,2666,19,5,6,1073,1097,0,24,1764,2017/12/5
1,2370,D7337,2017/12/1,2183,1935,2,4,1030,1071,0,33,1764,2017/12/1
1,2395,D7339,2017/12/3,2666,19,5,6,1126,1150,0,24,1764,2017/12/3
1,2396,D7339,2017/12/7,534,2666,3,5,1090,1126,0,32,1764,2017/12/7
1,2397,D7339,2017/12/1,2666,19,5,6,1126,1150,0,24,1764,2017/12/1
1,2399,D7339,2017/12/4,2666,19,5,6,1126,1150,0,24,1764,2017/12/4
0,2403,D7339,2017/12/2,2666,19,5,6,1126,1150,0,24,1764,2017/12/2
1,2404,D7339,2017/12/5,2666,19,5,6,1126,1150,0,24,1764,2017/12/5
1,2419,D7341,2017/12/3,2666,19,6,7,1207,1231,0,24,1764,2017/12/3
1,2420,D7341,2017/12/7,1935,2666,4,6,1166,1207,0,36,1764,2017/12/7
1,2421,D7341,2017/12/1,2666,19,6,7,1207,1231,0,24,1764,2017/12/1
1,2423,D7341,2017/12/4,2666,19,6,7,1207,1231,0,24,1764,2017/12/4
0,2427,D7341,2017/12/2,2666,19,6,7,1207,1231,0,24,1764,2017/12/2
1,2428,D7341,2017/12/5,2666,19,6,7,1207,1231,0,24,1764,2017/12/5
0,2429,D7341,2017/12/6,1752,12,1,5,1115,1187,0,53.5,1764,2017/12/6
1,2442,D7343,2017/12/1,1752,2183,1,2,1160,1170,0,10.5,1764,2017/12/1
1,2466,D8251,2017/12/2,497,496,3,4,479,490,0,5,2480,2017/12/2
0,2467,D8251,2017/12/6,497,496,3,4,479,490,0,5,2480,2017/12/6
1,2468,D8252,2017/12/2,497,1493,4,6,1317,1399,0,66.5,2480,2017/12/2
0,2469,D8252,2017/12/6,940,1493,5,6,1349,1399,0,42.5,2480,2017/12/6
1,2470,D8264,2017/12/2,1493,1510,6,8,800,868,0,51.5,2480,2017/12/2
0,2471,D8264,2017/12/6,1493,1510,6,8,800,868,0,51.5,2480,2017/12/6
1,2472,D8267,2017/12/2,2549,458,6,8,1116,1163,0,54,2480,2017/12/2
0,2473,D8267,2017/12/6,2549,458,6,8,1116,1163,0,54,2480,2017/12/6
1,2474,D8291,2017/12/2,497,2627,1,2,562,624,0,48,2480,2017/12/2
0,2475,D8291,2017/12/6,497,2627,1,2,562,624,0,48,2480,2017/12/6
1,2476,D8293,2017/12/2,940,2627,7,9,632,748,0,72.5,2480,2017/12/2
0,2477,D8293,2017/12/6,940,2627,7,9,632,748,0,72.5,2480,2017/12/6
1,2478,D8294,2017/12/2,1493,1511,6,8,965,1047,0,53,2480,2017/12/2
0,2479,D8294,2017/12/6,1493,1511,6,8,965,1047,0,53,2480,2017/12/6
1,2488,D8308,2017/12/2,2549,497,3,4,1219,1264,0,36.5,2480,2017/12/2
0,2489,D8308,2017/12/6,2549,497,3,4,1219,1264,0,36.5,2480,2017/12/6
0,2491,D8312,2017/12/6,2549,497,2,3,1294,1339,0,36.5,2480,2017/12/6
1,2496,D8334,2017/12/2,496,497,4,5,1284,1295,0,26.5,2480,2017/12/2
1,2528,D8512,2017/12/2,2524,136,1,2,340,392,0,44.5,2480,2017/12/2
0,2529,D8512,2017/12/6,2524,136,1,2,340,392,0,44.5,2480,2017/12/6
1,2544,D8532,2017/12/2,2524,2595,1,2,440,469,0,25,2480,2017/12/2
0,2545,D8532,2017/12/6,2524,2595,1,2,440,469,0,25,2480,2017/12/6
1,2554,D8803,2017/12/2,186,185,3,4,879,891,0,5,2480,2017/12/2
0,2555,D8803,2017/12/6,186,185,3,4,879,891,0,5,2480,2017/12/6
1,2566,G1008,2017/12/2,2724,2605,4,7,710,825,0,214.5,5863,2017/12/2
1,2569,G1008,2017/12/5,2724,2605,4,7,710,825,0,214.5,5863,2017/12/5
0,2570,G1008,2017/12/6,2724,1018,4,8,710,860,0,274,5863,2017/12/6
1,2571,G1008,2017/12/3,1783,1577,1,9,616,912,0,543,5863,2017/12/3
1,2572,G1008,2017/12/2,1018,1577,8,9,860,912,0,95,5863,2017/12/2
1,2574,G1008,2017/12/1,1018,1577,8,9,860,912,0,95,5863,2017/12/1
1,2575,G1008,2017/12/4,2507,2605,5,7,743,825,0,144.5,5863,2017/12/4
1,2584,G1009,2017/12/5,1097,1783,7,9,831,888,0,99.5,5863,2017/12/5
1,2588,G101,2017/12/2,1719,2579,5,9,540,698,0,259.5,5863,2017/12/2
1,2591,G101,2017/12/5,1719,2579,5,9,540,698,0,259.5,5863,2017/12/5
0,2592,G101,2017/12/6,1719,2579,5,9,540,698,0,259.5,5863,2017/12/6
1,2596,G101,2017/12/1,2242,61,10,11,735,758,0,34.5,5863,2017/12/1
1,2597,G101,2017/12/4,1474,482,6,8,580,677,0,164.5,5863,2017/12/4
1,2605,G1010,2017/12/2,1018,1577,8,9,925,979,0,95,5863,2017/12/2
1,2606,G1010,2017/12/5,2605,1577,7,9,890,979,0,154.5,5863,2017/12/5
1,2607,G1010,2017/12/1,1018,1577,8,9,925,979,0,95,5863,2017/12/1
0,2614,G1012,2017/12/6,2724,1018,4,8,884,1033,0,274,5863,2017/12/6
1,2616,G1012,2017/12/2,1018,1577,8,9,1033,1084,0,95,5863,2017/12/2
1,2617,G1012,2017/12/5,2605,1577,7,9,997,1084,0,154.5,5863,2017/12/5
1,2618,G1012,2017/12/1,1018,1577,8,9,1033,1084,0,95,5863,2017/12/1
1,2619,G1012,2017/12/4,2507,2605,5,7,917,997,0,144.5,5863,2017/12/4
1,2627,G1013,2017/12/2,1098,1783,8,9,1000,1029,0,79.5,5863,2017/12/2
1,2629,G1013,2017/12/1,1098,1783,8,9,1000,1029,0,79.5,5863,2017/12/1
1,2637,G1014,2017/12/3,1783,1577,1,10,922,1223,0,543,5863,2017/12/3
1,2638,G1014,2017/12/2,1018,1577,9,10,1173,1223,0,95,5863,2017/12/2
1,2639,G1014,2017/12/5,2339,1577,7,10,1092,1223,0,224.5,5863,2017/12/5
1,2640,G1014,2017/12/1,1018,1577,9,10,1173,1223,0,95,5863,2017/12/1
1,2641,G1014,2017/12/4,2507,2605,6,8,1057,1137,0,144.5,5863,2017/12/4
1,2649,G1015,2017/12/2,2325,1783,9,10,1120,1137,0,45,5863,2017/12/2
1,2651,G1015,2017/12/1,2325,1783,9,10,1120,1137,0,45,5863,2017/12/1
0,2658,G1016,2017/12/6,2507,1659,5,9,1036,1143,0,179.5,5863,2017/12/6
1,2715,G1020,2017/12/2,628,1577,9,10,1258,1283,0,40,5863,2017/12/2
1,2717,G1020,2017/12/1,628,1577,9,10,1258,1283,0,40,5863,2017/12/1
1,2718,G1020,2017/12/4,2339,1018,6,8,1146,1226,0,134.5,5863,2017/12/4
1,2726,G1021,2017/12/2,2325,1783,9,10,1305,1322,0,45,5863,2017/12/2
1,2727,G1021,2017/12/5,2250,1783,7,10,1239,1322,0,134.5,5863,2017/12/5
1,2728,G1021,2017/12/1,2325,1783,9,10,1305,1322,0,45,5863,2017/12/1
1,2731,G133,2017/12/4,482,61,8,12,1027,1115,0,114.5,4725,2017/12/4
1,2732,G133,2017/12/3,446,1337,1,11,760,1087,0,518.5,4725,2017/12/3
0,2734,G133,2017/12/2,791,1050,2,10,798,1068,0,444,4725,2017/12/2
0,2738,G133,2017/12/7,1391,1826,5,7,904,1007,0,179.5,4725,2017/12/7
0,2739,G133,2017/12/7,1050,61,10,12,1068,1115,0,64.5,4725,2017/12/7
1,2740,G1330,2017/12/4,506,1442,11,17,1157,1330,0,212.5,4725,2017/12/4
0,2748,G1330,2017/12/7,166,61,16,18,1294,1376,0,113,4725,2017/12/7
1,2758,G1332,2017/12/4,506,1442,8,13,712,876,0,212.5,4725,2017/12/4
0,2762,G1332,2017/12/2,2404,68,1,10,412,777,0,547.5,4725,2017/12/2
0,2765,G1332,2017/12/7,836,506,6,8,581,712,0,196,4725,2017/12/7
0,2766,G1332,2017/12/7,2528,1442,11,13,824,876,0,58,4725,2017/12/7
1,2773,G134,2017/12/4,1186,1742,6,7,960,1026,0,124.5,4725,2017/12/4
1,2777,G1341,2017/12/3,61,919,1,10,452,740,0,414,4725,2017/12/3
0,2778,G1341,2017/12/4,1442,1153,4,8,516,646,0,198,4725,2017/12/4
1,2791,G1342,2017/12/4,1442,289,6,7,674,686,0,14,4725,2017/12/4
0,2811,G1344,2017/12/7,1517,61,9,11,731,771,0,56.5,4725,2017/12/7
0,2838,G1348,2017/12/7,1442,61,4,5,775,821,0,68,4725,2017/12/7
0,2868,G598,2017/12/4,482,1625,2,4,545,735,0,172,1203,2017/12/4
1,2872,G598,2017/12/2,61,590,1,3,475,605,0,201,1203,2017/12/2
0,2896,G60,2017/12/4,482,1129,7,13,1023,1268,0,390,1203,2017/12/4
1,2900,G60,2017/12/2,2150,1474,3,10,920,1130,0,310,1203,2017/12/2
1,2989,G6013,2017/12/7,2325,1783,6,7,637,655,0,45,1203,2017/12/7
0,3016,G6015,2017/12/1,2605,1505,1,2,470,487,0,29.5,1203,2017/12/1
1,3026,G6016,2017/12/2,2325,2197,2,5,687,812,0,259,1203,2017/12/2
0,3028,G6016,2017/12/4,1505,2605,6,7,856,876,0,25,1203,2017/12/4
0,3042,G6017,2017/12/4,1098,1783,6,7,787,816,0,79.5,1203,2017/12/4
0,3056,G6018,2017/12/4,1505,2605,6,7,909,929,0,26.5,1203,2017/12/4
1,3063,G6535,2017/12/7,1098,1109,1,2,960,979,0,29.5,4315,2017/12/7
0,3064,G6535,2017/12/2,2325,1783,3,4,990,1011,0,45,4315,2017/12/2
1,3066,G6535,2017/12/3,1109,2325,2,3,979,990,0,15,4315,2017/12/3
1,3067,G6536,2017/12/7,2094,1783,1,2,1140,1151,0,20,4315,2017/12/7
0,3068,G6536,2017/12/2,1783,2325,2,3,1151,1170,0,35,4315,2017/12/2
1,3070,G6536,2017/12/3,1783,2325,2,3,1151,1170,0,35,4315,2017/12/3
1,3071,G6537,2017/12/7,1098,1783,1,2,1005,1041,0,79.5,4315,2017/12/7
0,3072,G6537,2017/12/2,1783,2094,2,3,1041,1049,0,12.5,4315,2017/12/2
1,3074,G6537,2017/12/3,1098,1783,1,2,1005,1041,0,79.5,4315,2017/12/3
1,3075,G6538,2017/12/7,2094,1783,1,2,1205,1215,0,20,4315,2017/12/7
0,3076,G6538,2017/12/2,1783,2325,2,3,1215,1234,0,35,4315,2017/12/2
1,3078,G6538,2017/12/3,1783,2325,2,3,1215,1234,0,35,4315,2017/12/3
1,3079,G6539,2017/12/7,1098,1109,1,2,1061,1081,0,29.5,4315,2017/12/7
0,3080,G6539,2017/12/2,1109,1783,2,3,1081,1109,0,45,4315,2017/12/2
1,3082,G6539,2017/12/3,1109,1783,2,3,1081,1109,0,45,4315,2017/12/3
1,3083,G6540,2017/12/7,2094,1783,1,2,1219,1231,0,20,4315,2017/12/7
1,3085,G6540,2017/12/2,2325,1098,3,4,1250,1267,0,42,4315,2017/12/2
1,3091,G6542,2017/12/7,2094,1783,1,2,1278,1289,0,20,4315,2017/12/7
0,3092,G6542,2017/12/2,1783,2325,2,3,1289,1308,0,35,4315,2017/12/2
1,3094,G6542,2017/12/3,1783,2325,2,3,1289,1308,0,35,4315,2017/12/3
1,3097,G6543,2017/12/2,1783,2094,3,4,1191,1199,0,12.5,4315,2017/12/2
1,3107,G6546,2017/12/7,2094,1783,1,2,1360,1371,0,20,4315,2017/12/7
0,3108,G6546,2017/12/2,1783,1098,2,3,1371,1400,0,72,4315,2017/12/2
1,3110,G6546,2017/12/3,2094,1783,1,2,1360,1371,0,20,4315,2017/12/3
1,3115,G6549,2017/12/7,1098,2325,1,2,1292,1311,0,39.5,4315,2017/12/7
0,3116,G6549,2017/12/2,2325,1783,2,3,1311,1331,0,45,4315,2017/12/2
1,3118,G6549,2017/12/3,2325,1783,2,3,1311,1331,0,45,4315,2017/12/3
1,3119,G6601,2017/12/7,893,2792,1,2,797,813,0,25.5,4315,2017/12/7
0,3120,G6601,2017/12/2,2792,1282,2,3,813,831,0,35,4315,2017/12/2
1,3122,G6601,2017/12/3,2792,1282,2,3,813,831,0,35,4315,2017/12/3
1,3126,G67,2017/12/3,1282,2386,7,9,927,975,0,71,4315,2017/12/3
1,3127,G6701,2017/12/7,447,301,1,2,650,693,0,68.5,4315,2017/12/7
0,3128,G6701,2017/12/2,301,2033,2,3,693,729,0,70,4315,2017/12/2
1,3130,G6701,2017/12/3,447,301,1,2,650,693,0,68.5,4315,2017/12/3
1,3133,G6703,2017/12/2,1562,2033,3,4,845,859,0,22,4315,2017/12/2
1,3135,G6704,2017/12/7,2033,301,1,2,371,408,0,69.5,4315,2017/12/7
0,3136,G6704,2017/12/2,301,1773,2,3,408,431,0,41,4315,2017/12/2
1,3138,G6704,2017/12/3,301,1773,2,3,408,431,0,41,4315,2017/12/3
1,3143,G6706,2017/12/7,2033,907,1,2,459,484,0,41.5,4315,2017/12/7
0,3144,G6706,2017/12/2,907,2770,2,3,484,515,0,59,4315,2017/12/2
1,3146,G6706,2017/12/3,907,2770,2,3,484,515,0,59,4315,2017/12/3
1,3147,G6707,2017/12/7,447,1773,1,2,1162,1189,0,33.5,4315,2017/12/7
1,3150,G6707,2017/12/3,1773,301,2,3,1189,1212,0,40,4315,2017/12/3
1,3155,G6710,2017/12/7,2033,1562,1,2,1249,1265,0,21.5,4315,2017/12/7
0,3172,G6718,2017/12/2,1773,447,2,3,448,474,0,33,4315,2017/12/2
1,3178,G6731,2017/12/3,301,1562,2,3,445,474,0,53,4315,2017/12/3
1,3179,G6732,2017/12/7,2487,2033,1,3,489,537,0,85.5,4315,2017/12/7
0,3180,G6732,2017/12/2,907,301,4,5,568,588,0,34,4315,2017/12/2
1,3182,G6732,2017/12/3,2033,907,3,4,537,568,0,41,4315,2017/12/3
1,3183,G6733,2017/12/7,447,907,1,2,865,921,0,97.5,4315,2017/12/7
0,3184,G6733,2017/12/2,2033,2484,3,4,946,977,0,62,4315,2017/12/2
1,3187,G6734,2017/12/7,2487,2773,1,3,570,620,0,61.5,4315,2017/12/7
1,3190,G6734,2017/12/3,2773,2033,3,4,620,638,0,29,4315,2017/12/3
0,3192,G6735,2017/12/2,2033,2484,4,5,1334,1364,0,62,4315,2017/12/2
0,3196,G6736,2017/12/2,2033,1562,3,4,1062,1078,0,22,4315,2017/12/2
0,3204,G6742,2017/12/2,1562,2770,5,7,887,944,0,79,4315,2017/12/2
1,3206,G6742,2017/12/3,2773,2033,3,4,853,871,0,29,4315,2017/12/3
1,3209,G6743,2017/12/2,2484,2487,5,6,1113,1130,0,28.5,4315,2017/12/2
0,3220,G6746,2017/12/2,907,1773,3,4,528,564,0,69,4315,2017/12/2
1,3223,G7047,2017/12/6,2241,59,6,8,694,727,0,40,5488,2017/12/6
0,3224,G7047,2017/12/6,2578,1049,2,4,627,659,0,40,5488,2017/12/6
0,3225,G7047,2017/12/4,2241,59,6,8,694,727,0,40,5488,2017/12/4
0,3226,G7047,2017/12/3,2241,2243,6,7,694,703,0,5,5488,2017/12/3
0,3227,G7047,2017/12/5,2241,59,6,8,694,727,0,40,5488,2017/12/5
0,3228,G7047,2017/12/7,1049,2243,4,7,659,703,0,45,5488,2017/12/7
1,3229,G7047,2017/12/2,1049,2241,4,6,659,694,0,45,5488,2017/12/2
1,3230,G7047,2017/12/1,2578,2243,2,7,627,703,0,80,5488,2017/12/1
1,3234,G7048,2017/12/6,159,481,6,8,842,874,0,40,5488,2017/12/6
0,3235,G7048,2017/12/6,1347,1338,2,4,767,798,0,30,5488,2017/12/6
0,3236,G7048,2017/12/4,159,481,6,8,842,874,0,40,5488,2017/12/4
0,3237,G7048,2017/12/3,159,2578,6,7,842,852,0,10,5488,2017/12/3
0,3238,G7048,2017/12/5,159,481,6,8,842,874,0,40,5488,2017/12/5
0,3239,G7048,2017/12/7,1338,2578,4,7,798,852,0,65,5488,2017/12/7
1,3240,G7048,2017/12/2,1338,159,4,6,798,842,0,60,5488,2017/12/2
1,3241,G7048,2017/12/1,1347,2578,2,7,767,852,0,90,5488,2017/12/1
0,3246,G7049,2017/12/6,160,1223,2,4,731,760,0,40,5488,2017/12/6
0,3247,G7049,2017/12/4,2241,59,6,8,788,823,0,45,5488,2017/12/4
0,3248,G7049,2017/12/3,2241,1347,6,7,788,805,0,20,5488,2017/12/3
0,3249,G7049,2017/12/5,2241,59,6,8,788,823,0,45,5488,2017/12/5
1,3251,G7049,2017/12/2,1223,2241,4,6,760,788,0,30,5488,2017/12/2
0,3257,G705,2017/12/6,1945,2719,2,4,479,535,0,99,5488,2017/12/6
1,3266,G705,2017/12/3,2600,1199,7,8,647,672,0,40,5488,2017/12/3
1,3267,G7050,2017/12/6,1223,481,7,9,945,996,0,80,5488,2017/12/6
0,3268,G7050,2017/12/6,62,2243,2,4,878,908,0,26,5488,2017/12/6
0,3269,G7050,2017/12/4,1223,481,7,9,945,996,0,80,5488,2017/12/4
0,3270,G7050,2017/12/3,1223,160,7,8,945,968,0,40,5488,2017/12/3
0,3271,G7050,2017/12/5,1223,481,7,9,945,996,0,80,5488,2017/12/5
0,3272,G7050,2017/12/7,2241,160,5,8,916,968,0,70,5488,2017/12/7
1,3273,G7050,2017/12/2,2241,1223,5,7,916,945,0,35,5488,2017/12/2
1,3274,G7050,2017/12/1,62,160,2,8,878,968,0,91,5488,2017/12/1
0,3281,G7051,2017/12/3,1347,2231,7,8,829,838,0,10,5488,2017/12/3
1,3289,G7052,2017/12/6,160,481,6,8,1025,1064,0,50,5488,2017/12/6
0,3291,G7052,2017/12/4,160,481,6,8,1025,1064,0,50,5488,2017/12/4
0,3292,G7052,2017/12/3,160,2578,6,7,1025,1044,0,20,5488,2017/12/3
0,3293,G7052,2017/12/5,160,481,6,8,1025,1064,0,50,5488,2017/12/5
0,3294,G7052,2017/12/7,1336,2578,4,7,990,1044,0,55,5488,2017/12/7
1,3295,G7052,2017/12/2,1336,160,4,6,990,1025,0,40,5488,2017/12/2
0,3298,G7052,2017/12/1,2578,481,7,8,1044,1064,0,35,5488,2017/12/1
0,3302,G7053,2017/12/4,2243,59,7,9,886,915,0,40,5488,2017/12/4
0,3303,G7053,2017/12/3,2243,519,7,8,886,905,0,30,5488,2017/12/3
0,3304,G7053,2017/12/5,2243,59,7,9,886,915,0,40,5488,2017/12/5
0,3305,G7053,2017/12/7,1336,519,5,8,860,905,0,55,5488,2017/12/7
1,3306,G7053,2017/12/2,1336,2243,5,7,860,886,0,30,5488,2017/12/2
0,3314,G7055,2017/12/3,2241,1347,5,6,919,933,0,20,5488,2017/12/3
1,3322,G7056,2017/12/6,1049,481,6,8,1119,1165,0,65,5488,2017/12/6
0,3324,G7056,2017/12/4,1049,481,6,8,1119,1165,0,65,5488,2017/12/4
0,3325,G7056,2017/12/3,1049,160,6,7,1119,1137,0,25,5488,2017/12/3
0,3326,G7056,2017/12/5,1049,481,6,8,1119,1165,0,65,5488,2017/12/5
0,3327,G7056,2017/12/7,2243,160,4,7,1084,1137,0,70,5488,2017/12/7
1,3328,G7056,2017/12/2,2243,1049,4,6,1084,1119,0,50,5488,2017/12/2
0,3331,G7056,2017/12/1,160,481,7,8,1137,1165,0,45,5488,2017/12/1
1,3344,G7058,2017/12/6,160,481,7,9,1186,1220,0,50,5488,2017/12/6
0,3346,G7058,2017/12/4,160,481,7,9,1186,1220,0,50,5488,2017/12/4
0,3347,G7058,2017/12/3,160,2578,7,8,1186,1200,0,20,5488,2017/12/3
0,3348,G7058,2017/12/5,160,481,7,9,1186,1220,0,50,5488,2017/12/5
0,3349,G7058,2017/12/7,1338,2578,5,8,1147,1200,0,65,5488,2017/12/7
1,3350,G7058,2017/12/2,1338,160,5,7,1147,1186,0,50,5488,2017/12/2
0,3353,G7058,2017/12/1,2578,481,8,9,1200,1220,0,35,5488,2017/12/1
0,3357,G7059,2017/12/4,873,59,5,6,1001,1015,0,20,5488,2017/12/4
0,3358,G7059,2017/12/3,2241,873,4,5,982,1001,0,30,5488,2017/12/3
0,3359,G7059,2017/12/5,873,59,5,6,1001,1015,0,20,5488,2017/12/5
0,3364,G7059,2017/12/1,873,59,5,6,1001,1015,0,20,5488,2017/12/1
0,3375,G706,2017/12/1,1382,778,10,11,712,730,0,22,5488,2017/12/1
1,3399,G7062,2017/12/6,1049,481,6,8,1248,1293,0,70,5488,2017/12/6
0,3401,G7062,2017/12/4,1049,481,6,8,1248,1293,0,70,5488,2017/12/4
0,3402,G7062,2017/12/3,1049,2578,6,7,1248,1273,0,40,5488,2017/12/3
0,3403,G7062,2017/12/5,1049,481,6,8,1248,1293,0,70,5488,2017/12/5
0,3404,G7062,2017/12/7,1338,2578,4,7,1222,1273,0,65,5488,2017/12/7
1,3405,G7062,2017/12/2,1338,1049,4,6,1222,1248,0,30,5488,2017/12/2
0,3408,G7062,2017/12/1,2578,481,7,8,1273,1293,0,35,5488,2017/12/1
1,3410,G7063,2017/12/6,2243,59,6,8,1068,1103,0,40,5488,2017/12/6
0,3412,G7063,2017/12/4,2243,59,6,8,1068,1103,0,40,5488,2017/12/4
0,3413,G7063,2017/12/3,2243,1347,6,7,1068,1081,0,15,5488,2017/12/3
0,3414,G7063,2017/12/5,2243,59,6,8,1068,1103,0,40,5488,2017/12/5
1,3416,G7063,2017/12/2,1336,2243,4,6,1042,1068,0,30,5488,2017/12/2
0,3419,G7063,2017/12/1,1347,59,7,8,1081,1103,0,30,5488,2017/12/1
1,3432,G7066,2017/12/6,160,481,6,8,1295,1329,0,50,5488,2017/12/6
0,3434,G7066,2017/12/4,160,481,6,8,1295,1329,0,50,5488,2017/12/4
0,3435,G7066,2017/12/3,160,2578,6,7,1295,1309,0,20,5488,2017/12/3
0,3436,G7066,2017/12/5,160,481,6,8,1295,1329,0,50,5488,2017/12/5
1,3438,G7066,2017/12/2,1336,160,4,6,1261,1295,0,40,5488,2017/12/2
0,3441,G7066,2017/12/1,2578,481,7,8,1309,1329,0,35,5488,2017/12/1
0,3468,G7069,2017/12/3,2241,1347,6,7,1328,1342,0,20,5488,2017/12/3
0,3470,G7069,2017/12/7,1049,1347,4,7,1295,1342,0,55,5488,2017/12/7
0,3474,G7069,2017/12/1,1347,59,7,8,1342,1360,0,30,5488,2017/12/1
0,3479,G707,2017/12/3,2600,1199,8,9,753,778,0,40,5488,2017/12/3
1,3487,G7413,2017/12/2,1335,528,2,4,501,529,0,36.5,4962,2017/12/2
1,3488,G7414,2017/12/2,1333,2561,3,5,622,657,0,45,4962,2017/12/2
1,3489,G7417,2017/12/2,1335,1725,3,5,823,856,0,46,4962,2017/12/2
1,3490,G7418,2017/12/2,1560,528,2,4,943,983,0,57,4962,2017/12/2
1,3491,G7419,2017/12/2,1335,1725,3,5,1050,1083,0,46,4962,2017/12/2
1,3492,G7420,2017/12/2,2162,2561,3,5,1163,1204,0,62.5,4962,2017/12/2
1,3494,G7434,2017/12/2,590,1595,1,2,420,459,0,46,4962,2017/12/2
1,3501,G7509,2017/12/2,660,1442,2,4,688,720,0,39.5,4962,2017/12/2
1,3503,G7510,2017/12/2,2150,1757,3,5,725,761,0,36.5,4962,2017/12/2
1,3508,G7519,2017/12/2,289,2150,3,5,996,1031,0,32,4962,2017/12/2
0,3511,G7585,2017/12/7,61,2150,5,9,1034,1117,0,99,2480,2017/12/7
0,3513,G7585,2017/12/7,815,1804,12,16,1177,1276,0,75,2480,2017/12/7
0,3515,G7585,2017/12/1,581,195,14,15,1225,1258,0,31,2480,2017/12/1
0,3516,G7585,2017/12/4,869,1804,11,16,1158,1276,0,87,2480,2017/12/4
0,3517,G7585,2017/12/3,288,150,10,13,1137,1211,0,66.5,2480,2017/12/3
0,3518,G7598,2017/12/7,660,869,10,13,825,905,0,110.5,2480,2017/12/7
0,3522,G76,2017/12/7,308,2498,9,12,1286,1381,0,123.5,2480,2017/12/7
0,3524,G76,2017/12/1,1845,2498,11,12,1343,1381,0,57,2480,2017/12/1
0,3528,G7601,2017/12/7,1825,2585,3,5,476,504,0,36,2480,2017/12/7
1,3529,G7601,2017/12/2,1202,1442,7,8,530,543,0,21,2480,2017/12/2
0,3530,G7601,2017/12/7,1812,1442,6,8,515,543,0,37.5,2480,2017/12/7
0,3532,G7601,2017/12/1,1202,1442,7,8,530,543,0,21,2480,2017/12/1
0,3533,G7601,2017/12/4,2585,1442,5,8,504,543,0,46.5,2480,2017/12/4
0,3534,G7601,2017/12/3,2585,1202,5,7,504,530,0,30.5,2480,2017/12/3
0,3536,G7602,2017/12/7,1812,913,2,4,753,779,0,31,2480,2017/12/7
0,3540,G7602,2017/12/1,578,482,5,6,807,818,0,17,2480,2017/12/1
0,3541,G7602,2017/12/4,913,482,4,6,779,818,0,64,2480,2017/12/4
0,3542,G7602,2017/12/3,913,578,4,5,779,807,0,52,2480,2017/12/3
0,3544,G7604,2017/12/7,913,1942,4,5,789,808,1,85,2480,2017/12/7
0,3546,G7604,2017/12/6,1812,913,3,4,770,789,1,48,2480,2017/12/6
0,3552,G7607,2017/12/7,1637,913,2,4,588,627,0,55,2480,2017/12/7
0,3554,G7607,2017/12/7,1812,1442,5,7,645,673,0,37.5,2480,2017/12/7
0,3556,G7607,2017/12/1,1202,1442,6,7,660,673,0,21,2480,2017/12/1
0,3557,G7607,2017/12/4,1812,1442,5,7,645,673,0,37.5,2480,2017/12/4
0,3558,G7607,2017/12/3,913,1202,4,6,627,660,0,47.5,2480,2017/12/3
1,3559,G7609,2017/12/6,2585,1442,4,6,893,927,0,46.5,2480,2017/12/6
0,3562,G7609,2017/12/7,1442,869,6,8,927,980,0,76,2480,2017/12/7
0,3564,G7609,2017/12/1,2150,869,7,8,948,980,0,56,2480,2017/12/1
0,3565,G7609,2017/12/4,1812,869,5,8,904,980,0,108.5,2480,2017/12/4
0,3566,G7609,2017/12/3,1812,2150,5,7,904,948,0,57.5,2480,2017/12/3
0,3573,G7612,2017/12/4,913,482,3,5,1326,1365,0,64,2480,2017/12/4
0,3574,G7612,2017/12/3,913,1825,3,4,1326,1339,0,19,2480,2017/12/3
0,3576,G7619,2017/12/7,1825,1442,4,7,691,751,0,77.5,2480,2017/12/7
0,3580,G7619,2017/12/1,2703,1804,11,12,863,882,0,20,2480,2017/12/1
0,3604,G7622,2017/12/1,166,1442,5,6,994,1027,0,55,2480,2017/12/1
0,3606,G7622,2017/12/3,1565,166,4,5,968,994,0,32.5,2480,2017/12/3
0,3612,G7624,2017/12/1,2389,1442,10,11,766,790,0,35.5,2480,2017/12/1
0,3614,G7624,2017/12/3,2169,166,7,9,694,744,0,49,2480,2017/12/3
0,3622,G7625,2017/12/3,2389,1613,8,11,564,618,0,60.5,2480,2017/12/3
0,3631,K1022,2017/12/2,501,1144,4,12,1164,1732,5,329,1520,2017/12/2
1,3633,K1022,2017/12/5,2538,778,22,23,2135,2151,6,512.5,1520,2017/12/4
1,3634,K1022,2017/12/6,764,778,18,23,1986,2151,5,455.5,1520,2017/12/5
0,3635,K1022,2017/12/3,2157,1377,6,21,1322,2101,0,118,1520,2017/12/3
1,3639,K1022,2017/12/5,636,1377,7,21,1429,2101,0,104,1520,2017/12/5
0,3641,K1023,2017/12/4,1879,595,18,20,1975,2110,2,19,1520,2017/12/3
1,3642,K1023,2017/12/7,2266,2822,12,22,1810,2321,0,50,1520,2017/12/6
1,3643,K1023,2017/12/6,1131,686,25,26,2552,2602,6,22,1520,2017/12/5
0,3644,K1023,2017/12/2,563,1131,19,25,2066,2552,6,123.5,1520,2017/12/1
1,3645,K1023,2017/12/6,443,1833,1,6,983,1250,6,170,1520,2017/12/6
0,3649,K1023,2017/12/1,790,595,3,20,1100,2110,0,140,1520,2017/12/1
1,3652,K1024,2017/12/5,1130,443,18,19,2299,2359,6,33,1520,2017/12/4
1,3662,K1028,2017/12/5,2697,2696,34,35,3325,3348,6,5,1520,2017/12/3
1,3663,K1028,2017/12/6,328,2697,27,34,2961,3325,5,129,1520,2017/12/4
0,3670,K1029,2017/12/2,888,1603,2,7,829,1070,3,47,1520,2017/12/2
1,3673,K1029,2017/12/6,2857,110,11,14,1647,1811,3,59,1520,2017/12/5
1,3679,K1029,2017/12/3,786,943,3,4,863,925,0,17,1520,2017/12/3
1,3689,K1030,2017/12/3,1700,2857,3,4,1015,1084,0,16,1520,2017/12/3
1,3699,K1032,2017/12/3,2576,981,4,5,1256,1293,0,11,1520,2017/12/3
0,3700,K1034,2017/12/2,1093,2124,2,6,533,760,5,79,1520,2017/12/2
1,3701,K1034,2017/12/1,2124,889,6,8,760,821,3,16.5,1520,2017/12/1
1,3702,K1034,2017/12/5,2576,2358,11,12,923,1035,6,49,1520,2017/12/5
0,3706,K1034,2017/12/6,1343,981,9,10,867,895,3,11,1520,2017/12/6
1,3709,K1034,2017/12/3,2444,936,3,4,609,650,0,13,1520,2017/12/3
1,3712,K1040,2017/12/5,909,355,26,27,2617,2718,6,42,1520,2017/12/4
0,3716,K1040,2017/12/6,1440,2314,20,21,2271,2302,3,12,1520,2017/12/5
0,3727,K1047,2017/12/6,481,1049,9,10,1523,1623,3,35,1520,2017/12/5
1,3730,K1047,2017/12/3,2728,1667,3,4,984,1012,0,8,1520,2017/12/3
1,3743,K105,2017/12/5,110,1781,23,24,3092,3170,6,22,1520,2017/12/3
0,3747,K105,2017/12/6,2852,905,18,19,2775,2803,3,5,1520,2017/12/5
1,3753,K1050,2017/12/5,2311,2697,26,27,3222,3250,4,5,1520,2017/12/3
0,3757,K1050,2017/12/6,1185,1476,20,21,2828,2879,2,21,1520,2017/12/5
0,3763,K1079,2017/12/2,2725,2203,11,14,1640,1941,4,126,4725,2017/12/1
1,3765,K1079,2017/12/2,1017,2604,4,6,1179,1288,2,26,4725,2017/12/2
0,3766,K1079,2017/12/6,1576,2506,1,10,1010,1535,4,189,4725,2017/12/6
1,3767,K1079,2017/12/3,1504,1095,7,12,1334,1800,4,135.5,4725,2017/12/3
1,3768,K1079,2017/12/5,1576,1504,1,7,1010,1334,3,120,4725,2017/12/5
1,3770,K1079,2017/12/6,2725,1095,11,12,1640,1800,2,49.5,4725,2017/12/5
0,3773,K1079,2017/12/1,2418,2725,3,11,1106,1640,3,140,4725,2017/12/1
1,3774,K1079,2017/12/5,292,2203,13,14,1829,1941,2,43,4725,2017/12/4
1,3778,K1079,2017/12/7,2338,2506,9,10,1430,1535,4,38,4725,2017/12/7
0,3781,K1080,2017/12/2,152,1576,12,15,1962,2128,4,49,4725,2017/12/1
1,3785,K1080,2017/12/3,2604,2418,8,13,1822,2045,4,54,4725,2017/12/2
1,3788,K1080,2017/12/6,152,2418,12,13,1962,2045,2,20,4725,2017/12/5
1,3792,K1080,2017/12/5,626,1576,14,15,2075,2128,2,21,4725,2017/12/4
1,3793,K1080,2017/12/4,2725,152,5,12,1461,1962,3,125,4725,2017/12/3
1,3796,K1080,2017/12/7,1017,2430,10,11,1927,1950,4,12,4725,2017/12/6
0,3807,K1085,2017/12/5,876,683,6,8,1352,1525,0,24,4725,2017/12/5
1,3814,K1085,2017/12/7,598,120,9,10,1645,1769,6,48,4725,2017/12/6
1,3824,K1087,2017/12/6,2314,1440,10,11,1843,1874,3,13,4725,2017/12/5
0,3838,K1089,2017/12/6,729,618,1,3,784,999,0,48.5,4725,2017/12/6
1,3840,K1089,2017/12/5,729,2678,1,2,784,891,0,24.5,4725,2017/12/5
0,3845,K1089,2017/12/1,729,618,1,3,784,999,0,48.5,4725,2017/12/1
0,3853,K109,2017/12/2,347,1348,14,18,2340,2748,5,113.5,4725,2017/12/1
1,3860,K109,2017/12/6,347,349,14,15,2340,2436,3,23,4725,2017/12/5
1,3864,K109,2017/12/5,934,1392,16,17,2564,2633,3,22,4725,2017/12/4
1,3868,K109,2017/12/7,2403,895,12,13,2214,2293,6,35,4725,2017/12/6
1,3875,K1090,2017/12/3,2678,729,2,3,1160,1261,0,25,4725,2017/12/3
1,3886,K1090,2017/12/7,2678,729,2,3,1160,1261,0,25,4725,2017/12/7
0,3889,K1092,2017/12/2,13,1231,14,18,2840,3447,5,198.5,4725,2017/12/1
1,3896,K1092,2017/12/6,13,2444,14,15,2840,3194,3,33,4725,2017/12/5
1,3900,K1092,2017/12/5,484,2473,16,17,3300,3347,3,29,4725,2017/12/3
1,3904,K1092,2017/12/7,1215,419,12,13,2680,2730,6,19,4725,2017/12/6
0,3944,K1227,2017/12/4,636,954,11,26,1467,2045,6,236,8203,2017/12/3
1,3945,K1227,2017/12/2,2599,1134,8,27,1280,2095,5,292,8203,2017/12/2
0,3946,K1227,2017/12/7,426,1253,31,34,2190,2270,0,12,8203,2017/12/6
0,3947,K1227,2017/12/5,2599,2738,8,21,1280,1811,6,245,8203,2017/12/5
0,3950,K1227,2017/12/7,1353,1746,5,20,1149,1795,4,171,8203,2017/12/7
0,3965,K123,2017/12/7,2391,465,17,19,2066,2130,0,13.5,8203,2017/12/6
1,3978,K1232,2017/12/1,2203,496,5,8,1106,1942,0,88.5,8203,2017/12/1
0,3985,K1235,2017/12/7,934,1348,21,23,2600,2769,0,33,8203,2017/12/6
0,3992,K1236,2017/12/7,605,202,20,22,2310,2434,0,21,8203,2017/12/6
0,4011,K263,2017/12/4,931,618,2,5,1388,1779,3,66,826,2017/12/4
0,4012,K263,2017/12/3,618,436,5,7,1779,1873,5,51,826,2017/12/2
0,4014,K263,2017/12/5,618,435,5,8,1779,1890,6,57,826,2017/12/4
1,4015,K263,2017/12/1,931,2297,2,6,1388,1839,3,85,826,2017/12/1
0,4018,K263,2017/12/6,618,2297,5,6,1779,1839,2,24,826,2017/12/5
0,4020,K263,2017/12/4,2297,435,6,8,1839,1890,3,17,826,2017/12/3
0,4022,K2630,2017/12/4,1490,1572,6,14,1931,2506,3,138,826,2017/12/3
0,4023,K2630,2017/12/3,355,2314,15,20,2719,3196,5,138.5,826,2017/12/2
0,4025,K2630,2017/12/5,1571,1440,13,21,2489,3226,6,235,826,2017/12/4
1,4027,K2630,2017/12/4,909,1440,16,21,2801,3226,3,74,826,2017/12/3
0,4029,K2630,2017/12/6,1571,355,13,15,2489,2719,2,47,826,2017/12/5
0,4034,K264,2017/12/3,1158,1678,6,8,1651,1718,5,23,826,2017/12/2
0,4040,K264,2017/12/6,2678,1158,5,6,1490,1651,2,37.5,826,2017/12/5
0,4045,K265,2017/12/3,638,2551,15,20,1949,2136,5,72,826,2017/12/2
0,4051,K265,2017/12/6,1244,638,13,15,1870,1949,2,22,826,2017/12/5
0,4052,K265,2017/12/5,636,295,16,23,1970,2324,5,124.5,826,2017/12/4
0,4077,K268,2017/12/4,1228,1087,5,11,841,1374,3,132,826,2017/12/4
0,4087,K268,2017/12/6,1159,525,4,10,760,1288,0,79.5,826,2017/12/6
0,4089,K269,2017/12/3,1882,1732,9,12,908,1080,5,39,826,2017/12/3
0,4090,K269,2017/12/1,1398,1744,10,11,929,977,2,13,826,2017/12/1
0,4091,K269,2017/12/5,2791,1732,7,12,792,1080,6,95,826,2017/12/5
0,4099,K376,2017/12/6,1955,2663,21,22,2049,2102,4,17,3105,2017/12/5
0,4101,K378,2017/12/6,1185,2328,23,24,2751,2861,4,35,3105,2017/12/5
0,4105,K388,2017/12/6,1869,474,26,27,2513,2580,4,16,3105,2017/12/5
0,4109,K390,2017/12/6,2454,79,22,23,2327,2358,4,13,3105,2017/12/5
0,4110,K40,2017/12/6,2155,1003,25,26,2265,2324,4,11,3105,2017/12/5
0,4112,K401,2017/12/6,2385,1844,7,8,1797,1856,4,23,3105,2017/12/5
0,4116,K41,2017/12/6,2539,998,23,24,3002,3083,4,24,3105,2017/12/4
0,4118,K411,2017/12/6,1515,206,11,12,2156,2224,4,14,3105,2017/12/5
0,4122,K458,2017/12/6,1611,2749,11,20,1845,2636,4,196,4962,2017/12/5
1,4123,K458,2017/12/5,1493,1611,9,11,1540,1845,0,45.5,4962,2017/12/4
1,4124,K458,2017/12/3,2418,2611,17,23,2308,2789,2,87,4962,2017/12/2
0,4125,K458,2017/12/2,2749,2497,20,24,2636,2833,0,23,4962,2017/12/1
0,4126,K458,2017/12/7,1188,2611,2,23,1043,2789,2,387.5,4962,2017/12/7
1,4129,K458,2017/12/1,1914,1504,6,14,1305,2082,4,215,4962,2017/12/1
0,4131,K458,2017/12/4,1493,2385,9,22,1540,2772,0,158,4962,2017/12/3
0,4132,K4611,2017/12/6,2752,1940,3,6,697,1044,4,78,4962,2017/12/6
1,4133,K4611,2017/12/5,2752,2518,3,4,697,797,0,25,4962,2017/12/5
1,4134,K4611,2017/12/3,663,1272,5,7,825,1176,2,65.5,4962,2017/12/3
1,4139,K4611,2017/12/1,148,663,2,5,664,825,4,37,4962,2017/12/1
0,4141,K4611,2017/12/4,2752,1272,3,7,697,1176,0,73.5,4962,2017/12/4
1,4143,K462,2017/12/5,2171,1217,6,7,1361,1385,0,8,4962,2017/12/5
1,4144,K462,2017/12/3,588,59,11,16,1646,2060,2,123.5,4962,2017/12/2
1,4145,K462,2017/12/2,2241,59,14,16,1928,2060,2,17.5,4962,2017/12/1
0,4147,K462,2017/12/6,2365,684,3,10,1219,1483,0,52,4962,2017/12/6
1,4151,K464,2017/12/5,2241,1049,3,4,810,873,0,15,4962,2017/12/5
0,4153,K464,2017/12/2,346,307,7,9,1261,1439,0,36,4962,2017/12/2
1,4161,K466,2017/12/5,933,1030,8,10,1163,1288,0,20.5,4962,2017/12/5
0,4183,K4695,2017/12/2,1158,729,2,3,1619,1805,0,29,4962,2017/12/1
1,4191,K4696,2017/12/5,729,1158,1,2,975,1130,0,33.5,4962,2017/12/5
1,4197,K4696,2017/12/1,729,1158,1,2,975,1130,4,90,4962,2017/12/1
0,4218,K472,2017/12/6,2604,1684,18,34,2881,3886,4,189,4962,2017/12/4
1,4219,K472,2017/12/5,835,2604,15,18,2716,2881,0,23.5,4962,2017/12/4
1,4220,K472,2017/12/3,2385,1187,29,39,3616,4092,2,88,4962,2017/12/1
1,4239,K474,2017/12/5,1159,2265,11,13,2321,2620,0,39.5,4962,2017/12/4
1,4258,K598,2017/12/2,539,2506,20,33,2203,3274,4,216,5944,2017/12/1
0,4260,K598,2017/12/4,2604,2506,31,33,3045,3274,2,54,5944,2017/12/2
0,4261,K598,2017/12/3,435,1281,1,21,1048,2223,0,178.5,5944,2017/12/3
1,4264,K6,2017/12/2,1967,2358,6,10,1738,2180,4,93,5944,2017/12/1
0,4266,K6,2017/12/4,630,2358,9,10,2156,2180,2,15,5944,2017/12/3
1,4277,K600,2017/12/7,1678,619,30,34,2858,3302,3,80,5944,2017/12/6
0,4279,K600,2017/12/6,1576,619,8,34,1667,3302,0,166,5944,2017/12/5
0,4280,K601,2017/12/4,2126,1206,5,8,1744,1857,5,38.5,5944,2017/12/3
1,4290,K603,2017/12/7,1736,297,15,17,1874,1962,3,29,5944,2017/12/6
0,4291,K603,2017/12/1,233,1736,5,15,1423,1874,2,92.5,5944,2017/12/1
1,4293,K604,2017/12/2,1549,1992,12,20,1127,1621,4,110,5944,2017/12/2
0,4295,K604,2017/12/4,1868,1992,18,20,1464,1621,2,28,5944,2017/12/3
0,4296,K604,2017/12/5,2452,1736,1,6,756,926,2,75.5,5944,2017/12/5
0,4297,K604,2017/12/7,2452,143,1,5,756,906,5,107.5,5944,2017/12/7
1,4305,K608,2017/12/2,1158,729,6,10,844,1016,4,37.5,5944,2017/12/2
0,4307,K608,2017/12/4,2643,729,9,10,963,1016,2,17.5,5944,2017/12/4
0,4308,K608,2017/12/3,790,1501,1,7,505,887,0,56.5,5944,2017/12/3
0,4309,K608,2017/12/1,1158,1501,6,7,844,887,0,13,5944,2017/12/1
0,4313,K609,2017/12/4,1321,1699,19,21,2273,2318,2,15,5944,2017/12/3
1,4317,K610,2017/12/6,1549,1373,16,19,1274,1524,3,68,5944,2017/12/6
0,4318,K610,2017/12/4,1873,264,11,12,1143,1177,3,7,5944,2017/12/4
1,4319,K610,2017/12/1,1321,297,4,5,958,982,6,12,5944,2017/12/1
0,4322,K646,2017/12/4,2358,2338,1,18,980,2302,3,340,8093,2017/12/4
0,4323,K646,2017/12/7,1869,2338,4,18,1154,2302,4,280,8093,2017/12/7
0,4324,K646,2017/12/5,1054,2725,14,20,2003,2513,5,211.5,8093,2017/12/4
0,4326,K646,2017/12/3,1087,1504,8,17,1460,2211,2,176.5,8093,2017/12/2
1,4329,K646,2017/12/2,2013,1504,15,17,2071,2211,3,30,8093,2017/12/1
1,4333,K646,2017/12/2,1731,2047,7,13,1335,1946,2,149,8093,2017/12/2
1,4334,K646,2017/12/2,2358,49,1,5,980,1206,0,46.5,8093,2017/12/2
1,4336,K646,2017/12/1,1731,2013,7,15,1335,2071,0,114,8093,2017/12/1
0,4339,K646,2017/12/7,2725,1095,20,21,2513,2705,0,28,8093,2017/12/6
1,4345,K648,2017/12/5,525,1731,12,14,1758,1976,4,21,8093,2017/12/4
1,4370,K651,2017/12/2,1511,1493,1,4,737,934,0,33.5,8093,2017/12/2
0,4393,K652,2017/12/7,1510,1511,19,20,2490,2512,0,14,8093,2017/12/6
1,4435,K66,2017/12/5,1209,1504,7,8,1198,1584,4,102,8093,2017/12/5
1,4436,K66,2017/12/7,2582,1911,5,6,1021,1086,5,19,8093,2017/12/7
1,4455,K661,2017/12/2,1243,1721,9,10,2002,2045,3,12,8093,2017/12/1
0,4467,K710,2017/12/4,729,2297,14,19,1976,2264,2,71.5,968,2017/12/3
1,4468,K710,2017/12/6,1774,729,5,14,990,1976,5,292,968,2017/12/6
1,4469,K710,2017/12/5,2696,1477,1,10,778,1341,0,91,968,2017/12/5
1,4470,K7106,2017/12/1,1257,2381,11,12,1025,1054,0,8,968,2017/12/1
0,4471,K7106,2017/12/4,122,199,9,13,946,1094,0,24,968,2017/12/4
1,4472,K7106,2017/12/6,636,953,4,10,679,971,4,88,968,2017/12/6
1,4474,K7108,2017/12/5,840,1722,1,7,381,652,0,51.5,968,2017/12/5
0,4476,K7110,2017/12/3,2100,2157,8,9,666,693,0,9,968,2017/12/3
1,4479,K7112,2017/12/1,114,1749,19,20,999,1015,1,133,968,2017/12/1
1,4483,K7113,2017/12/1,954,599,5,6,533,590,0,12,968,2017/12/1
0,4484,K7113,2017/12/4,1292,599,4,6,492,590,0,17,968,2017/12/4
1,4485,K7113,2017/12/6,2114,954,2,5,438,533,0,15.5,968,2017/12/6
1,4491,K7115,2017/12/1,1292,954,5,6,783,825,0,10,968,2017/12/1
0,4492,K7115,2017/12/4,2129,599,4,7,766,882,0,19,968,2017/12/4
1,4493,K7116,2017/12/1,2083,295,5,6,833,895,0,12,968,2017/12/1
0,4494,K7116,2017/12/3,954,1292,2,3,696,751,0,9.5,968,2017/12/3
1,4496,K7117,2017/12/1,954,599,5,6,1126,1183,0,12,968,2017/12/1
0,4497,K7117,2017/12/3,2083,1292,2,3,1007,1050,0,7.5,968,2017/12/3
0,4508,K712,2017/12/4,2201,1850,12,17,1470,1929,2,105,968,2017/12/3
1,4511,K7120,2017/12/1,2551,2157,7,8,695,766,0,22.5,968,2017/12/1
0,4530,K7131,2017/12/3,1127,383,4,5,559,584,4,10,968,2017/12/3
0,4534,K7132,2017/12/7,2551,1108,11,12,778,810,6,27.5,968,2017/12/7
1,4535,K7133,2017/12/1,11,2157,5,6,453,468,0,8,968,2017/12/1
0,4536,K7133,2017/12/4,383,2157,4,6,439,468,0,9,968,2017/12/4
1,4539,K7227,2017/12/4,990,254,4,5,522,579,0,14,9061,2017/12/4
0,4540,K7227,2017/12/5,1055,990,3,4,487,522,0,13,9061,2017/12/5
0,4541,K7227,2017/12/7,1055,990,3,4,487,522,0,13,9061,2017/12/7
0,4543,K7227,2017/12/3,1055,990,3,4,487,522,0,13,9061,2017/12/3
0,4544,K7227,2017/12/1,1055,254,3,5,487,579,0,22,9061,2017/12/1
0,4545,K7227,2017/12/2,1055,254,3,5,487,579,0,22,9061,2017/12/2
1,4549,K7228,2017/12/1,990,636,3,6,1030,1178,0,25,9061,2017/12/1
1,4550,K7228,2017/12/3,2234,636,2,6,992,1178,0,28.5,9061,2017/12/3
1,4551,K7228,2017/12/5,2739,636,5,6,1167,1178,0,5,9061,2017/12/5
0,4553,K7228,2017/12/2,254,636,1,6,973,1178,0,37.5,9061,2017/12/2
1,4554,K7228,2017/12/7,2739,636,5,6,1167,1178,0,5,9061,2017/12/7
1,4560,K7228,2017/12/6,990,2739,3,5,1030,1167,0,25,9061,2017/12/6
0,4561,K7228,2017/12/4,2739,636,5,6,1167,1178,0,5,9061,2017/12/4
0,4565,K7228,2017/12/5,2234,990,2,3,992,1030,0,8.5,9061,2017/12/5
1,4568,K7231,2017/12/5,617,2157,6,7,1105,1166,0,12,9061,2017/12/5
1,4571,K7231,2017/12/7,617,2157,6,7,1105,1166,0,12,9061,2017/12/7
0,4578,K7231,2017/12/4,617,2157,6,7,1105,1166,0,12,9061,2017/12/4
1,4585,K7232,2017/12/5,236,549,6,7,532,548,0,7,9061,2017/12/5
1,4588,K7232,2017/12/7,236,549,6,7,532,548,0,7,9061,2017/12/7
1,4594,K7232,2017/12/6,636,236,4,6,481,532,0,8,9061,2017/12/6
0,4599,K7232,2017/12/5,617,1838,2,3,436,464,0,7,9061,2017/12/5
1,4600,K7233,2017/12/1,2157,2078,4,9,673,780,0,17,9061,2017/12/1
1,4601,K7233,2017/12/3,1184,2078,3,9,606,780,0,24.5,9061,2017/12/3
1,4602,K7233,2017/12/5,1514,2078,8,9,761,780,0,6,9061,2017/12/5
1,4603,K7233,2017/12/5,1311,2551,2,7,594,749,0,23.5,9061,2017/12/5
0,4604,K7233,2017/12/2,1311,2078,2,9,594,780,0,24.5,9061,2017/12/2
1,4605,K7233,2017/12/7,1514,2078,8,9,761,780,0,6,9061,2017/12/7
1,4611,K7233,2017/12/6,1108,1514,5,8,711,761,0,11,9061,2017/12/6
0,4612,K7233,2017/12/4,1514,2078,8,9,761,780,0,6,9061,2017/12/4
1,4624,K7234,2017/12/3,2551,383,3,7,360,462,0,15.5,9061,2017/12/3
0,4630,K7234,2017/12/4,2157,617,6,10,441,513,0,14,9061,2017/12/4
0,4633,K7234,2017/12/5,2551,546,3,4,360,378,0,6,9061,2017/12/5
1,4639,K7235,2017/12/7,549,636,1,2,567,608,0,10,9061,2017/12/7
1,4645,K7235,2017/12/6,549,636,1,2,567,608,0,10,9061,2017/12/6
1,4651,K7236,2017/12/1,636,549,1,2,629,666,0,10,9061,2017/12/1
1,4656,K7236,2017/12/7,636,549,1,2,629,666,0,10,9061,2017/12/7
1,4662,K7236,2017/12/6,636,549,1,2,629,666,0,10,9061,2017/12/6
0,4663,K7236,2017/12/4,636,549,1,2,629,666,0,10,9061,2017/12/4
1,4673,K7237,2017/12/7,854,295,2,3,1020,1061,0,8.5,9061,2017/12/7
0,4680,K7237,2017/12/4,854,295,2,3,1020,1061,0,8.5,9061,2017/12/4
1,4685,K7238,2017/12/1,295,1528,1,3,914,977,0,17.5,9061,2017/12/1
1,4686,K7238,2017/12/3,295,1528,1,3,914,977,0,17.5,9061,2017/12/3
1,4687,K7238,2017/12/5,854,1528,2,3,957,977,0,6.5,9061,2017/12/5
1,4690,K7238,2017/12/7,854,1528,2,3,957,977,0,6.5,9061,2017/12/7
1,4696,K7238,2017/12/6,854,1528,2,3,957,977,0,6.5,9061,2017/12/6
0,4697,K7238,2017/12/4,854,1528,2,3,957,977,0,6.5,9061,2017/12/4
1,4705,K7244,2017/12/5,1514,1108,2,5,862,921,0,8,9061,2017/12/5
0,4706,K7244,2017/12/2,2078,2157,1,6,840,970,0,17.5,9061,2017/12/2
1,4709,K7244,2017/12/3,1514,546,2,4,862,898,0,6,9061,2017/12/3
1,4713,K7244,2017/12/6,2551,1108,3,5,875,921,0,8,9061,2017/12/6
1,4719,K7251,2017/12/1,236,636,2,4,440,478,0,7,9061,2017/12/1
0,4723,K7251,2017/12/2,549,636,1,4,392,478,0,10,9061,2017/12/2
1,4724,K7251,2017/12/7,1925,636,3,4,460,478,0,6,9061,2017/12/7
1,4730,K7251,2017/12/6,236,636,2,4,440,478,0,7,9061,2017/12/6
1,4741,K7252,2017/12/7,236,549,4,5,984,1000,0,6,9061,2017/12/7
0,4748,K7252,2017/12/4,236,549,4,5,984,1000,0,6,9061,2017/12/4
1,4754,K726,2017/12/3,2803,339,13,42,1749,3562,4,325,9061,2017/12/2
1,4755,K726,2017/12/5,1353,339,40,42,3472,3562,5,19,9061,2017/12/3
1,4756,K726,2017/12/5,202,1690,11,35,1509,3201,0,170,9061,2017/12/4
1,4758,K726,2017/12/7,1198,636,44,45,3671,3785,6,39,9061,2017/12/5
1,4764,K726,2017/12/6,2337,1671,26,37,2468,3371,6,232,9061,2017/12/5
0,4765,K726,2017/12/4,339,636,42,45,3562,3785,4,51,9061,2017/12/2
0,4766,K726,2017/12/4,1531,2554,23,38,2303,3415,3,188,9061,2017/12/3
1,4790,K7273,2017/12/1,353,1900,3,6,348,402,0,7,9061,2017/12/1
1,4791,K7273,2017/12/7,353,1900,3,6,348,402,0,7,9061,2017/12/7
1,4800,K7273,2017/12/6,353,1900,3,6,348,402,0,7,9061,2017/12/6
1,4801,K7273,2017/12/4,1805,1900,5,6,381,402,0,6,9061,2017/12/4
1,4838,K7564,2017/12/3,2420,462,1,11,583,909,2,92.5,752,2017/12/3
1,4839,K7564,2017/12/1,1405,2657,9,16,861,1098,4,31,752,2017/12/1
0,4840,K7564,2017/12/2,462,1670,11,21,909,1297,2,56.5,752,2017/12/2
1,4841,K7564,2017/12/7,167,961,13,20,981,1201,3,29.5,752,2017/12/7
0,4842,K7564,2017/12/7,343,2210,7,10,763,889,3,21,752,2017/12/7
0,4843,K7564,2017/12/6,343,961,7,20,763,1201,3,55.5,752,2017/12/6
1,4844,K7565,2017/12/3,1670,1972,1,10,1298,1880,3,144,752,2017/12/3
0,4846,K7565,2017/12/2,1738,2651,9,18,1825,2306,3,79,752,2017/12/1
1,4847,K7565,2017/12/7,172,1993,11,17,1974,2270,4,52,752,2017/12/6
0,4848,K7565,2017/12/7,802,2840,6,8,1705,1808,4,37,752,2017/12/6
0,4849,K7565,2017/12/6,802,1993,6,17,1705,2270,4,110,752,2017/12/5
1,4851,K7566,2017/12/1,763,2840,7,13,1152,1372,6,53,752,2017/12/1
0,4863,K759,2017/12/4,1504,2338,17,18,1659,1770,6,51,752,2017/12/3
1,4864,K759,2017/12/4,2528,2454,9,14,1014,1330,5,129.5,752,2017/12/4
1,4878,K7597,2017/12/3,1972,2301,1,2,1037,1083,3,65,752,2017/12/3
1,4884,K7598,2017/12/3,172,2301,1,2,1087,1118,3,63,752,2017/12/3
1,4893,K76,2017/12/7,645,1879,25,38,2438,3240,4,161,752,2017/12/6
1,4894,K76,2017/12/2,2103,1788,26,33,2559,3050,6,174,752,2017/12/1
0,4897,K760,2017/12/4,2389,60,14,18,2152,2397,5,88,752,2017/12/3
0,4898,K760,2017/12/5,2338,659,3,17,1359,2323,3,224,752,2017/12/5
0,4900,K762,2017/12/4,1763,1876,11,12,1832,1900,6,35,752,2017/12/3
1,4903,K762,2017/12/2,1774,2279,7,10,1595,1786,6,114,752,2017/12/1
1,4910,K967,2017/12/4,2013,1054,19,20,1876,1941,6,35,admin,2017/12/3
0,4911,K967,2017/12/2,2604,1054,18,20,1804,1941,6,59.5,admin,2017/12/1
0,4912,K967,2017/12/4,892,1844,8,13,925,1217,4,77,admin,2017/12/4
1,4913,K967,2017/12/7,2497,1159,11,21,1092,2113,6,367,admin,2017/12/7
0,4914,K967,2017/12/7,2033,892,6,8,744,925,5,66.5,admin,2017/12/7
1,4915,K967,2017/12/6,2604,1054,18,20,1804,1941,0,21.5,admin,2017/12/5
1,4916,K967,2017/12/5,2769,2791,2,9,597,957,2,77.5,admin,2017/12/5
1,4917,K967,2017/12/3,2497,1844,11,13,1092,1217,5,55,admin,2017/12/3
0,4920,K9672,2017/12/2,2714,2598,5,6,1161,1198,4,10,admin,2017/12/2
0,4923,K9672,2017/12/7,2010,1999,2,3,1024,1078,3,8,admin,2017/12/7
1,4924,K9672,2017/12/6,2714,2598,5,6,1161,1198,0,10,admin,2017/12/6
1,4925,K9672,2017/12/5,355,1999,1,3,963,1078,2,65.5,admin,2017/12/5
1,4928,K9674,2017/12/4,1999,355,4,5,583,690,4,18,admin,2017/12/4
0,4929,K9674,2017/12/2,1999,355,4,5,583,690,4,18,admin,2017/12/2
1,4931,K9674,2017/12/7,1998,355,3,5,548,690,4,19,admin,2017/12/7
1,4933,K9674,2017/12/6,1999,355,4,5,583,690,0,18,admin,2017/12/6
1,4934,K9674,2017/12/5,2598,1998,1,3,450,548,2,65.5,admin,2017/12/5
1,4935,K9674,2017/12/3,1998,1999,3,4,548,583,3,6,admin,2017/12/3
0,4938,K9675,2017/12/2,2563,861,1,2,975,1024,0,17.5,admin,2017/12/2
1,4942,K9675,2017/12/6,2563,861,1,2,975,1024,0,17.5,admin,2017/12/6
1,4944,K9675,2017/12/3,2563,861,1,2,975,1024,0,17.5,admin,2017/12/3
0,4947,K9677,2017/12/2,861,2563,1,2,1056,1113,6,100.5,admin,2017/12/2
1,4951,K9677,2017/12/6,861,2563,1,2,1056,1113,0,17.5,admin,2017/12/6
0,4957,K9679,2017/12/4,124,1999,3,5,1482,1748,4,46,admin,2017/12/3
1,4961,K9679,2017/12/5,2563,120,1,4,1360,1535,2,75.5,admin,2017/12/5
1,4962,K9679,2017/12/3,120,1999,4,5,1535,1748,5,52,admin,2017/12/2
1,4964,K968,2017/12/4,300,1187,20,21,2518,2538,6,21,admin,2017/12/3
0,4965,K968,2017/12/2,906,1187,19,21,2475,2538,6,37,admin,2017/12/1
1,4969,K968,2017/12/6,2033,1187,18,21,2426,2538,0,20,admin,2017/12/5
1,4971,K968,2017/12/3,154,2497,11,14,2011,2137,5,29,admin,2017/12/2
1,4973,K9680,2017/12/4,2707,2563,7,8,1808,1861,6,11,admin,2017/12/3
0,4993,K9684,2017/12/4,164,759,1,2,1310,1439,5,110.5,admin,2017/12/4
1,5014,K9688,2017/12/1,1103,1348,3,4,896,976,4,79.5,admin,2017/12/1
1,5026,K972,2017/12/4,1774,1850,21,22,2235,2345,6,29.5,admin,2017/12/3
0,5027,K972,2017/12/2,2096,1774,19,21,2098,2235,6,48,admin,2017/12/1
1,5031,K972,2017/12/6,2096,1850,19,22,2098,2345,0,29.5,admin,2017/12/5
1,5033,K972,2017/12/3,712,1692,12,15,1787,1924,5,54,admin,2017/12/2
1,5035,K9822,2017/12/4,1138,1695,6,10,1168,1311,4,35.5,2216,2017/12/4
1,5036,K9822,2017/12/5,2468,1138,4,6,1112,1168,4,106,2216,2017/12/5
0,5037,K9822,2017/12/1,2307,997,7,9,1208,1262,4,14.5,2216,2017/12/1
1,5038,K9822,2017/12/7,2307,1695,7,10,1208,1311,4,24.5,2216,2017/12/7
0,5039,K9822,2017/12/2,1138,1695,6,10,1168,1311,4,35.5,2216,2017/12/2
0,5041,K9822,2017/12/6,2468,1389,4,5,1112,1140,3,5,2216,2017/12/6
1,5044,K9822,2017/12/4,1351,1389,2,5,1018,1140,3,5,2216,2017/12/4
0,5047,K9822,2017/12/3,1389,1138,5,6,1140,1168,3,98,2216,2017/12/3
1,5051,K9824,2017/12/6,1695,1348,1,4,1400,1847,3,126.5,2216,2017/12/6
1,5053,K9824,2017/12/2,1695,1348,1,4,1400,1847,4,129.5,2216,2017/12/2
1,5055,K9826,2017/12/5,2468,2307,4,6,935,1019,6,-130,2216,2017/12/5
0,5056,K9826,2017/12/1,2307,997,6,8,1019,1086,6,5,2216,2017/12/1
1,5057,K9826,2017/12/7,2307,1695,6,9,1019,1150,6,203.5,2216,2017/12/7
0,5058,K9826,2017/12/2,2307,1695,6,9,1019,1150,6,203.5,2216,2017/12/2
0,5060,K9826,2017/12/6,2468,1138,4,5,935,979,5,20,2216,2017/12/6
1,5063,K9826,2017/12/4,1351,1138,2,5,823,979,6,57,2216,2017/12/4
0,5066,K9826,2017/12/3,1138,2307,5,6,979,1019,5,-129,2216,2017/12/3
0,5070,K9828,2017/12/5,1916,1348,7,9,810,925,0,19,2216,2017/12/5
0,5071,K9828,2017/12/1,1916,1348,7,9,810,925,0,19,2216,2017/12/1
1,5075,K9832,2017/12/7,2307,1695,6,9,830,933,6,37,2216,2017/12/7
0,5076,K9832,2017/12/2,2307,1695,6,9,830,933,6,37,2216,2017/12/2
0,5078,K9832,2017/12/6,2468,1138,4,5,736,790,4,17,2216,2017/12/6
1,5081,K9832,2017/12/4,1351,1138,2,5,628,790,5,51.5,2216,2017/12/4
0,5084,K9832,2017/12/3,1138,2307,5,6,790,830,4,16,2216,2017/12/3
0,5086,K9832,2017/12/5,1351,2468,2,4,628,736,0,25,2216,2017/12/5
1,5088,K985,2017/12/4,833,1348,8,13,1839,2197,6,104,2216,2017/12/3
1,5089,K985,2017/12/5,388,833,5,8,1669,1839,5,46.5,2216,2017/12/4
1,5091,K985,2017/12/7,2172,1348,9,13,1909,2197,6,75,2216,2017/12/6
1,5097,K985,2017/12/4,1075,896,2,6,1342,1711,5,84,2216,2017/12/4
0,5100,K985,2017/12/3,368,833,7,8,1752,1839,4,12,2216,2017/12/2
1,5105,K986,2017/12/5,2172,896,5,8,1248,1429,5,32,2216,2017/12/5
0,5106,K986,2017/12/1,896,1959,8,10,1429,1621,6,64,2216,2017/12/1
1,5107,K986,2017/12/7,388,496,9,12,1472,1880,6,138,2216,2017/12/6
0,5110,K986,2017/12/6,2172,833,5,6,1248,1360,4,15,2216,2017/12/6
0,5116,K986,2017/12/3,833,368,6,7,1360,1401,4,10,2216,2017/12/3
1,5121,K988,2017/12/5,2318,2803,7,10,1847,1961,5,41.5,2216,2017/12/4
0,5124,K988,2017/12/2,2803,2171,10,15,1961,2219,6,61,2216,2017/12/1
0,5132,K988,2017/12/3,1745,2814,8,9,1879,1907,4,13,2216,2017/12/2
1,5146,K996,2017/12/7,619,484,29,38,2372,3673,6,442,2216,2017/12/6
1,5151,K996,2017/12/4,2158,484,33,38,2814,3673,2,170.5,2216,2017/12/3
1,5160,K998,2017/12/5,619,751,16,23,2853,3518,5,183.5,2216,2017/12/4
1,5162,K998,2017/12/7,1738,1892,29,38,3996,4634,6,136.5,2216,2017/12/5
1,5164,K998,2017/12/2,2158,2581,12,31,2337,4066,5,458.5,2216,2017/12/1
0,5165,K998,2017/12/6,2678,654,17,18,2948,3020,4,24,2216,2017/12/4
1,5167,K998,2017/12/4,1642,1892,33,38,4154,4634,2,65.5,2216,2017/12/2
0,5171,K998,2017/12/3,1563,751,20,23,3154,3518,4,66,2216,2017/12/1
1,5175,T302,2017/12/6,1671,180,5,21,849,2519,0,212.5,6057,2017/12/6
1,5176,T302,2017/12/4,435,186,19,34,2287,4043,2,329.5,6057,2017/12/3
1,5178,T302,2017/12/5,2151,663,12,29,1587,3328,2,320.5,6057,2017/12/4
1,5181,T302,2017/12/7,1160,603,28,33,3189,3937,6,281,6057,2017/12/5
1,5187,T304,2017/12/5,1950,2599,31,38,3542,3939,3,74.5,6057,2017/12/3
1,5196,T306,2017/12/5,1718,307,3,10,877,1577,5,251,6057,2017/12/5
1,5206,T309,2017/12/6,2554,549,2,9,549,824,0,64.5,6057,2017/12/6
1,5207,T309,2017/12/4,1244,2846,8,15,787,1092,0,52.5,6057,2017/12/4
1,5211,T309,2017/12/5,2554,2599,2,6,549,707,0,39,6057,2017/12/5
1,5212,T309,2017/12/7,741,1722,12,14,981,1040,0,9,6057,2017/12/7
1,5215,T31,2017/12/2,792,1185,2,5,1101,1482,0,86.5,6057,2017/12/2
1,5216,T31,2017/12/2,659,1441,6,7,1912,1983,5,31.5,6057,2017/12/1
1,5233,T311,2017/12/7,2581,2846,5,6,1073,1223,6,72,6057,2017/12/7
1,5236,T312,2017/12/4,676,1671,5,9,1710,1868,2,44,6057,2017/12/3
1,5241,T312,2017/12/7,1144,1671,7,9,1781,1868,6,40,6057,2017/12/6
1,5249,T32,2017/12/7,1692,443,5,6,1898,2066,6,77,6057,2017/12/6
1,5275,T338,2017/12/6,1444,1244,1,5,420,507,2,69.5,6057,2017/12/6
1,5276,T338,2017/12/4,1154,638,4,7,474,569,3,25,6057,2017/12/4
1,5278,T338,2017/12/5,1445,549,2,6,437,540,2,25.5,6057,2017/12/5
1,5281,T338,2017/12/7,1244,638,5,7,507,569,6,26,6057,2017/12/7
1,5289,T369,2017/12/7,2418,2506,30,35,2560,2948,6,133,6057,2017/12/6
1,5298,T5687,2017/12/6,455,2103,5,6,826,844,0,7,8152,2017/12/6
1,5299,T5687,2017/12/7,443,455,1,5,661,826,0,46.5,8152,2017/12/7
0,5300,T5687,2017/12/4,1356,455,4,5,806,826,0,6,8152,2017/12/4
1,5303,T5687,2017/12/1,1833,455,3,5,782,826,0,14,8152,2017/12/1
1,5307,T5687,2017/12/6,646,1833,2,3,748,782,0,14,8152,2017/12/6
0,5308,T5687,2017/12/5,1833,2103,3,6,782,844,0,16,8152,2017/12/5
0,5311,T5687,2017/12/2,1833,1356,3,4,782,806,0,13,8152,2017/12/2
1,5315,T5688,2017/12/6,40,1890,7,8,1166,1206,0,9,8152,2017/12/6
1,5316,T5688,2017/12/7,2103,1890,1,8,988,1206,0,46.5,8152,2017/12/7
0,5317,T5688,2017/12/4,646,1917,5,6,1097,1126,0,10,8152,2017/12/4
1,5320,T5688,2017/12/1,646,40,5,7,1097,1166,0,19,8152,2017/12/1
0,5323,T5688,2017/12/4,1890,443,8,9,1206,1240,0,7,8152,2017/12/4
1,5324,T5688,2017/12/6,1356,1833,3,4,1029,1058,0,9.5,8152,2017/12/6
0,5325,T5688,2017/12/5,1833,443,4,9,1058,1240,0,33,8152,2017/12/5
0,5328,T5688,2017/12/2,646,1917,5,6,1097,1126,0,10,8152,2017/12/2
1,5330,T5688,2017/12/2,40,1890,7,8,1166,1206,0,9,8152,2017/12/2
1,5334,T63,2017/12/6,941,2328,5,6,1712,1784,2,20,8152,2017/12/5
0,5336,T63,2017/12/4,1185,941,4,5,1655,1712,0,15,8152,2017/12/3
1,5337,T63,2017/12/7,1692,941,3,5,1342,1712,6,207,8152,2017/12/7
0,5342,T63,2017/12/4,2328,588,6,7,1784,1900,2,34.5,8152,2017/12/3
1,5343,T63,2017/12/6,1692,1185,3,4,1342,1655,2,101.5,8152,2017/12/6
0,5344,T63,2017/12/5,1692,588,3,7,1342,1900,4,182,8152,2017/12/5
0,5347,T63,2017/12/2,1185,941,4,5,1655,1712,5,32,8152,2017/12/1
0,5353,T6307,2017/12/4,147,180,3,4,939,1030,0,25.5,8152,2017/12/4
1,5356,T6307,2017/12/1,147,180,3,4,939,1030,4,47.5,8152,2017/12/1
0,5362,T6307,2017/12/5,180,182,4,5,1030,1052,4,11,8152,2017/12/5
0,5364,T6307,2017/12/2,147,180,3,4,939,1030,5,54.5,8152,2017/12/2
1,5388,T64,2017/12/7,941,1185,3,4,1280,1336,6,16,8152,2017/12/7
1,5390,T64,2017/12/1,941,792,3,5,1280,1711,4,140,8152,2017/12/1
1,5394,T64,2017/12/6,2328,941,2,3,1229,1280,2,21,8152,2017/12/6
0,5398,T64,2017/12/2,941,1185,3,4,1280,1336,5,15,8152,2017/12/2
1,5402,T65,2017/12/6,2328,481,3,4,1848,1950,2,44.5,8152,2017/12/5
1,5405,T65,2017/12/7,1185,2328,2,3,1738,1848,6,63,8152,2017/12/6
0,5415,T65,2017/12/2,1185,2328,2,3,1738,1848,5,56,8152,2017/12/1
1,5434,T66,2017/12/2,1692,443,4,5,1877,2032,0,38.5,8152,2017/12/1
0,5455,T6602,2017/12/4,1160,998,6,7,1502,1532,0,9,8152,2017/12/3
0,5466,T6602,2017/12/2,148,1160,5,6,1471,1502,5,17,8152,2017/12/1
0,5483,T6603,2017/12/2,1574,2663,3,4,1034,1060,0,12,8152,2017/12/2
0,5500,T6604,2017/12/2,2663,1574,3,4,750,777,0,13,8152,2017/12/2
0,5506,T6605,2017/12/4,148,2752,5,6,1153,1178,0,8,8152,2017/12/4
0,5512,T6605,2017/12/4,2518,663,8,9,1271,1290,0,9.5,8152,2017/12/4
1,5513,T6605,2017/12/6,998,1160,3,4,1091,1128,0,16,8152,2017/12/6
0,5515,T6605,2017/12/5,2518,663,8,9,1271,1290,3,13,8152,2017/12/5
1,5519,T6605,2017/12/2,1790,2518,7,8,1227,1271,0,15,8152,2017/12/2
1,5521,T6606,2017/12/6,998,2539,7,8,608,682,0,18,8152,2017/12/6
0,5523,T6606,2017/12/4,148,1160,5,6,549,578,0,14,8152,2017/12/4
1,5524,T6606,2017/12/7,2752,1160,4,6,524,578,4,21,8152,2017/12/7
1,5526,T6606,2017/12/1,148,998,5,7,549,608,3,18,8152,2017/12/1
0,5529,T6606,2017/12/4,2539,1571,8,9,682,727,0,19.5,8152,2017/12/4
1,5530,T6606,2017/12/6,1790,2752,3,4,482,524,0,14,8152,2017/12/6
0,5531,T6606,2017/12/5,2752,1571,4,9,524,727,3,60,8152,2017/12/5
0,5534,T6606,2017/12/2,148,1160,5,6,549,578,3,14,8152,2017/12/2
1,5536,T6606,2017/12/2,998,2539,7,8,608,682,0,18,8152,2017/12/2
0,5540,T6613,2017/12/4,570,1572,5,6,734,766,0,15.5,8152,2017/12/4
1,5543,T6613,2017/12/1,793,1572,4,6,681,766,0,38.5,8152,2017/12/1
1,5564,T6614,2017/12/6,1572,570,3,4,928,961,0,15.5,8152,2017/12/6
1,5604,T6702,2017/12/2,796,1118,4,5,1130,1155,0,7,8152,2017/12/2
0,5608,T6704,2017/12/4,259,2548,2,3,852,902,0,14,8152,2017/12/4
1,5609,T6704,2017/12/7,259,2548,2,3,852,902,4,15,8152,2017/12/7
1,5611,T6704,2017/12/1,259,2548,2,3,852,902,3,14,8152,2017/12/1
0,5613,T6704,2017/12/6,259,2548,2,3,852,902,4,15,8152,2017/12/6
0,5616,T6704,2017/12/5,259,2265,2,4,852,957,3,23,8152,2017/12/5
0,5619,T6704,2017/12/2,259,2548,2,3,852,902,3,14,8152,2017/12/2
1,5623,Z174,2017/12/1,2572,1185,6,11,1201,1870,3,204,3369,2017/12/1
1,5624,Z174,2017/12/2,549,2572,2,6,796,1201,5,96,3369,2017/12/2
0,5625,Z176,2017/12/7,1049,1692,7,18,1040,3062,3,404.5,3369,2017/12/7
1,5626,Z176,2017/12/5,2241,328,5,12,988,1417,4,159,3369,2017/12/5
0,5627,Z176,2017/12/5,1671,2103,15,21,2092,3319,6,146,3369,2017/12/4
1,5630,Z176,2017/12/3,1049,2103,7,21,1040,3319,3,407.5,3369,2017/12/3
0,5681,Z189,2017/12/5,2604,1095,7,10,1527,2002,6,300,3369,2017/12/4
0,5699,Z192,2017/12/6,2024,1671,8,9,1956,2050,4,32,3369,2017/12/5
0,5703,Z194,2017/12/4,2103,645,6,7,1316,1408,5,52.5,3369,2017/12/4
0,5708,Z198,2017/12/4,2337,59,3,6,1429,2033,5,344,3369,2017/12/4
0,5724,Z264,2017/12/7,2485,1260,10,11,3631,3930,3,76,968,2017/12/5
1,5726,Z264,2017/12/6,2358,1260,6,11,2025,3930,0,216,968,2017/12/5
0,5728,Z264,2017/12/3,1576,2497,4,5,1378,1660,6,172,968,2017/12/3
0,5731,Z264,2017/12/1,1576,1260,4,11,1378,3930,4,711,968,2017/12/1
0,5733,Z264,2017/12/5,2485,1260,10,11,3631,3930,2,73.5,968,2017/12/3
1,5734,Z264,2017/12/7,2497,1508,5,9,1660,3065,0,178,968,2017/12/6
1,5736,Z264,2017/12/2,2604,1260,3,11,1157,3930,0,354,968,2017/12/2
1,5738,Z264,2017/12/3,2358,355,6,7,2025,2455,2,97.5,968,2017/12/2
1,5741,Z266,2017/12/4,1576,1095,8,11,3412,4070,3,64,968,2017/12/2
0,5748,Z267,2017/12/3,608,800,9,11,1120,1230,6,70,968,2017/12/3
0,5749,Z267,2017/12/4,1276,2034,10,12,1177,1370,5,103.5,968,2017/12/4
0,5753,Z267,2017/12/5,2241,59,22,23,2113,2163,2,25.5,968,2017/12/4
0,5760,Z268,2017/12/7,2034,2638,26,27,3164,3227,3,6,968,2017/12/5
1,5764,Z268,2017/12/3,619,1196,23,24,2536,2997,0,6,968,2017/12/2
0,5785,Z27,2017/12/5,2513,1576,4,5,1838,1893,2,15,968,2017/12/4
1,5790,Z27,2017/12/3,2826,2513,3,4,1822,1838,3,12.5,968,2017/12/2
0,5801,Z272,2017/12/5,1762,2357,21,22,2428,2503,2,17,968,2017/12/4
0,5810,Z274,2017/12/4,1731,1146,9,11,2380,2507,5,26,968,2017/12/3
0,5812,Z274,2017/12/4,1740,2696,18,21,2937,3171,4,66.5,968,2017/12/2
1,5825,Z275,2017/12/7,2563,2015,1,3,1252,1371,4,85,968,2017/12/7
1,5842,Z277,2017/12/3,910,2015,4,5,1739,1760,3,11,968,2017/12/2
0,5848,Z282,2017/12/3,1049,481,7,8,1290,1373,6,46,968,2017/12/3
0,5853,Z282,2017/12/5,436,435,18,19,2581,2598,2,5,968,2017/12/4
0,5885,Z285,2017/12/5,497,496,10,11,2667,2680,2,5,968,2017/12/4
